10
0.0000 96.9290 77.1130 157.8648 143.2010 146.3609 65.4144 86.1324 101.6644 172.3794
96.9290 0.0000 143.2308 149.2312 85.2402 102.0866 73.8795 109.8550 74.2652 210.6020
77.1130 143.2308 0.0000 55.7272 40.9630 149.8522 64.1246 153.7078 63.7084 69.5632
157.8648 149.2312 55.7272 0.0000 130.9563 114.4587 78.1138 92.3546 59.3031 97.8948
143.2010 85.2402 40.9630 130.9563 0.0000 26.0925 147.9869 139.9236 69.4239 42.7077
146.3609 102.0866 149.8522 114.4587 26.0925 0.0000 99.8898 87.6032 73.5568 113.7781
65.4144 73.8795 64.1246 78.1138 147.9869 99.8898 0.0000 116.7946 64.4002 120.3540
86.1324 109.8550 153.7078 92.3546 139.9236 87.6032 116.7946 0.0000 69.9778 77.5960
101.6644 74.2652 63.7084 59.3031 69.4239 73.5568 64.4002 69.9778 0.0000 60.5701
172.3794 210.6020 69.5632 97.8948 42.7077 113.7781 120.3540 77.5960 60.5701 0.0000
