10
0.0000 169.8491 92.8298 178.4132 94.3557 147.6477 127.9069 75.2936 127.3696 117.4214
169.8491 0.0000 92.7823 186.0330 29.1271 61.8688 67.3225 9.3816 34.4095 111.1308
92.8298 92.7823 0.0000 161.5356 126.2523 150.5674 109.2639 190.9351 77.4618 83.4850
178.4132 186.0330 161.5356 0.0000 18.1425 180.1506 49.8405 133.9516 18.3217 107.5049
94.3557 29.1271 126.2523 18.1425 0.0000 78.0770 7.7994 144.5415 53.6129 188.7765
147.6477 61.8688 150.5674 180.1506 78.0770 0.0000 184.1777 12.3081 109.5854 63.8729
127.9069 67.3225 109.2639 49.8405 7.7994 184.1777 0.0000 164.3352 73.3867 62.0314
75.2936 9.3816 190.9351 133.9516 144.5415 12.3081 164.3352 0.0000 21.3433 146.8531
127.3696 34.4095 77.4618 18.3217 53.6129 109.5854 73.3867 21.3433 0.0000 147.2747
117.4214 111.1308 83.4850 107.5049 188.7765 63.8729 62.0314 146.8531 147.2747 0.0000
