10
0.0000 144.6276 41.4428 145.1247 137.8302 163.9277 80.2646 108.6376 96.1615 161.4881
144.6276 0.0000 156.5716 64.9767 149.4218 227.4598 130.7766 154.8452 27.9168 127.6260
41.4428 156.5716 0.0000 130.2933 69.4870 147.8005 88.1384 107.1364 76.7806 75.8327
145.1247 64.9767 130.2933 0.0000 93.2946 105.1492 113.4082 162.6268 163.0699 61.9024
137.8302 149.4218 69.4870 93.2946 0.0000 91.9786 10.0245 62.1990 178.2124 65.5939
163.9277 227.4598 147.8005 105.1492 91.9786 0.0000 122.8679 256.1294 44.3666 104.1395
80.2646 130.7766 88.1384 113.4082 10.0245 122.8679 0.0000 136.5583 48.4624 132.7999
108.6376 154.8452 107.1364 162.6268 62.1990 256.1294 136.5583 0.0000 33.8797 71.8223
96.1615 27.9168 76.7806 163.0699 178.2124 44.3666 48.4624 33.8797 0.0000 158.5543
161.4881 127.6260 75.8327 61.9024 65.5939 104.1395 132.7999 71.8223 158.5543 0.0000
