10
0.0000 128.3360 0.5234 121.2849 176.2588 41.5253 35.7517 135.3369 60.9160 25.1818
128.3360 0.0000 91.9635 169.9819 6.8669 211.1546 171.4781 41.0580 135.7963 141.5077
0.5234 91.9635 0.0000 52.7883 42.8746 63.7064 100.1039 4.1732 89.3334 71.1115
121.2849 169.9819 52.7883 0.0000 173.4218 251.3125 132.7354 6.3238 76.8839 290.2285
176.2588 6.8669 42.8746 173.4218 0.0000 40.8341 164.4850 173.4431 133.6305 196.0086
41.5253 211.1546 63.7064 251.3125 40.8341 0.0000 155.7104 108.9360 37.7838 109.3157
35.7517 171.4781 100.1039 132.7354 164.4850 155.7104 0.0000 117.9959 322.0043 56.8206
135.3369 41.0580 4.1732 6.3238 173.4431 108.9360 117.9959 0.0000 173.6440 41.2623
60.9160 135.7963 89.3334 76.8839 133.6305 37.7838 322.0043 173.6440 0.0000 87.8039
25.1818 141.5077 71.1115 290.2285 196.0086 109.3157 56.8206 41.2623 87.8039 0.0000
