10
0.0000 140.2373 118.0981 37.8817 128.7776 50.7118 190.8711 64.4889 59.5377 107.0800
140.2373 0.0000 88.0396 75.1320 183.6237 83.6316 65.2610 127.1173 53.1593 87.4546
118.0981 88.0396 0.0000 104.9078 67.1872 73.2797 146.0812 138.4523 101.0300 224.6823
37.8817 75.1320 104.9078 0.0000 125.1031 118.1104 95.5738 111.5211 172.5628 118.1243
128.7776 183.6237 67.1872 125.1031 0.0000 131.2524 147.6632 88.8905 35.1778 53.0335
50.7118 83.6316 73.2797 118.1104 131.2524 0.0000 111.5636 114.9545 46.1910 211.3707
190.8711 65.2610 146.0812 95.5738 147.6632 111.5636 0.0000 124.2869 139.2943 35.3431
64.4889 127.1173 138.4523 111.5211 88.8905 114.9545 124.2869 0.0000 128.1792 218.9807
59.5377 53.1593 101.0300 172.5628 35.1778 46.1910 139.2943 128.1792 0.0000 45.5582
107.0800 87.4546 224.6823 118.1243 53.0335 211.3707 35.3431 218.9807 45.5582 0.0000
