10
0.0000 342.6872 47.1350 42.3122 235.1688 198.1469 34.5263 188.6179 219.6097 141.0609
342.6872 0.0000 63.3518 205.3915 6.5447 141.6463 87.3436 31.4003 32.2672 296.3212
47.1350 63.3518 0.0000 71.2833 145.2156 310.9805 168.7289 179.3383 105.6518 188.5358
42.3122 205.3915 71.2833 0.0000 142.9133 121.7890 77.6960 3.0021 12.2108 125.0101
235.1688 6.5447 145.2156 142.9133 0.0000 45.8889 100.0470 70.9068 74.8708 100.2165
198.1469 141.6463 310.9805 121.7890 45.8889 0.0000 88.3340 280.3943 97.3250 21.0564
34.5263 87.3436 168.7289 77.6960 100.0470 88.3340 0.0000 90.7997 185.5467 54.3030
188.6179 31.4003 179.3383 3.0021 70.9068 280.3943 90.7997 0.0000 50.0038 44.8818
219.6097 32.2672 105.6518 12.2108 74.8708 97.3250 185.5467 50.0038 0.0000 245.7508
141.0609 296.3212 188.5358 125.0101 100.2165 21.0564 54.3030 44.8818 245.7508 0.0000
