10
0.0000 93.3300 174.8036 295.3647 192.2867 75.4057 74.0724 108.8458 226.7834 164.1991
93.3300 0.0000 109.3039 201.8878 121.8143 147.0198 171.4189 91.5135 16.7187 174.5158
174.8036 109.3039 0.0000 26.2530 237.0745 6.1991 73.2869 164.6416 42.5648 116.9401
295.3647 201.8878 26.2530 0.0000 118.0352 47.8488 30.0763 47.7838 46.9836 189.0122
192.2867 121.8143 237.0745 118.0352 0.0000 9.3855 105.3821 1.7565 234.7253 230.2167
75.4057 147.0198 6.1991 47.8488 9.3855 0.0000 179.2089 325.9361 80.9244 109.7128
74.0724 171.4189 73.2869 30.0763 105.3821 179.2089 0.0000 60.8829 8.5878 44.7938
108.8458 91.5135 164.6416 47.7838 1.7565 325.9361 60.8829 0.0000 92.3606 18.7466
226.7834 16.7187 42.5648 46.9836 234.7253 80.9244 8.5878 92.3606 0.0000 33.6941
164.1991 174.5158 116.9401 189.0122 230.2167 109.7128 44.7938 18.7466 33.6941 0.0000
