10
0.0000 84.2549 129.9267 131.9269 81.1248 115.6185 71.7027 110.4316 103.1811 134.1168
84.2549 0.0000 119.8578 85.9108 116.5904 128.0619 88.7692 117.2808 109.7427 105.3888
129.9267 119.8578 0.0000 93.9569 124.0049 96.4080 90.1103 102.3827 74.5907 86.0301
131.9269 85.9108 93.9569 0.0000 71.8338 94.5951 142.6661 137.0691 105.8193 87.7903
81.1248 116.5904 124.0049 71.8338 0.0000 106.6391 117.3513 116.4392 114.2225 103.8672
115.6185 128.0619 96.4080 94.5951 106.6391 0.0000 130.4405 90.7290 141.9253 105.4612
71.7027 88.7692 90.1103 142.6661 117.3513 130.4405 0.0000 95.7146 81.6720 95.0748
110.4316 117.2808 102.3827 137.0691 116.4392 90.7290 95.7146 0.0000 100.5234 100.1075
103.1811 109.7427 74.5907 105.8193 114.2225 141.9253 81.6720 100.5234 0.0000 110.7048
134.1168 105.3888 86.0301 87.7903 103.8672 105.4612 95.0748 100.1075 110.7048 0.0000
