10
0.0000 224.5153 48.4180 74.7606 190.9671 45.0825 202.5199 98.0400 129.7347 123.2984
224.5153 0.0000 96.7203 153.9626 178.1179 127.5146 82.7031 32.0091 118.7226 164.8345
48.4180 96.7203 0.0000 77.0582 132.7761 129.9984 166.4315 91.3637 119.2113 207.8638
74.7606 153.9626 77.0582 0.0000 45.6370 155.6966 46.1739 213.9657 35.2535 168.7183
190.9671 178.1179 132.7761 45.6370 0.0000 140.7817 141.7661 73.9195 2.0251 105.5533
45.0825 127.5146 129.9984 155.6966 140.7817 0.0000 179.1321 68.7874 48.3524 154.0060
202.5199 82.7031 166.4315 46.1739 141.7661 179.1321 0.0000 71.6879 127.8116 110.6120
98.0400 32.0091 91.3637 213.9657 73.9195 68.7874 71.6879 0.0000 98.7134 124.0218
129.7347 118.7226 119.2113 35.2535 2.0251 48.3524 127.8116 98.7134 0.0000 113.1905
123.2984 164.8345 207.8638 168.7183 105.5533 154.0060 110.6120 124.0218 113.1905 0.0000
