10
0.0000 96.4730 64.5822 158.8620 129.6847 144.7881 180.5712 106.2996 44.7315 134.9589
96.4730 0.0000 111.8170 18.4512 105.7253 58.3827 111.5800 175.5380 31.2356 53.2625
64.5822 111.8170 0.0000 52.4508 0.8587 95.7415 84.0846 69.4338 37.6543 60.6778
158.8620 18.4512 52.4508 0.0000 138.5536 127.9910 30.3444 103.1649 32.8329 138.4134
129.6847 105.7253 0.8587 138.5536 0.0000 74.5576 50.3316 137.8817 88.6553 179.5895
144.7881 58.3827 95.7415 127.9910 74.5576 0.0000 120.4051 64.6186 128.6287 85.4166
180.5712 111.5800 84.0846 30.3444 50.3316 120.4051 0.0000 124.7046 119.5379 107.5553
106.2996 175.5380 69.4338 103.1649 137.8817 64.6186 124.7046 0.0000 97.3139 138.2206
44.7315 31.2356 37.6543 32.8329 88.6553 128.6287 119.5379 97.3139 0.0000 44.3160
134.9589 53.2625 60.6778 138.4134 179.5895 85.4166 107.5553 138.2206 44.3160 0.0000
