10
0.0000 90.7243 163.5710 131.7820 128.3938 92.8677 113.7093 74.0602 104.0304 105.7185
90.7243 0.0000 74.2777 137.8117 95.0409 140.9815 74.8133 95.3068 98.9711 96.9486
163.5710 74.2777 0.0000 100.7264 86.5835 75.3387 78.4172 100.5331 118.2846 46.3772
131.7820 137.8117 100.7264 0.0000 73.6286 97.1832 115.1032 38.9104 78.1868 117.5365
128.3938 95.0409 86.5835 73.6286 0.0000 107.0468 126.5334 59.6927 71.2704 106.9626
92.8677 140.9815 75.3387 97.1832 107.0468 0.0000 85.9429 152.1565 115.5574 150.3921
113.7093 74.8133 78.4172 115.1032 126.5334 85.9429 0.0000 91.1696 97.0158 121.8412
74.0602 95.3068 100.5331 38.9104 59.6927 152.1565 91.1696 0.0000 38.4523 109.2098
104.0304 98.9711 118.2846 78.1868 71.2704 115.5574 97.0158 38.4523 0.0000 67.8013
105.7185 96.9486 46.3772 117.5365 106.9626 150.3921 121.8412 109.2098 67.8013 0.0000
