10
0.0000 98.7896 95.1125 98.0478 98.3061 92.8576 113.4444 102.1979 102.0929 95.7591
98.7896 0.0000 99.7456 113.5145 102.2534 95.6333 105.2115 82.7619 102.3074 79.9927
95.1125 99.7456 0.0000 92.0264 105.1301 79.5008 91.4035 97.0010 95.4568 102.6923
98.0478 113.5145 92.0264 0.0000 119.5213 94.9944 111.1349 99.3097 100.9121 127.4974
98.3061 102.2534 105.1301 119.5213 0.0000 105.3838 99.4192 89.6084 98.1351 92.2576
92.8576 95.6333 79.5008 94.9944 105.3838 0.0000 80.9326 104.2669 100.2875 90.1827
113.4444 105.2115 91.4035 111.1349 99.4192 80.9326 0.0000 94.8609 105.2548 88.0152
102.1979 82.7619 97.0010 99.3097 89.6084 104.2669 94.8609 0.0000 100.6183 76.9457
102.0929 102.3074 95.4568 100.9121 98.1351 100.2875 105.2548 100.6183 0.0000 92.2366
95.7591 79.9927 102.6923 127.4974 92.2576 90.1827 88.0152 76.9457 92.2366 0.0000
