10
0.0000 82.2935 92.6790 150.1256 109.4452 97.6225 127.7416 133.8453 74.4215 63.1284
82.2935 0.0000 147.4090 35.9756 113.7662 95.3971 150.2496 74.3500 127.0861 81.2262
92.6790 147.4090 0.0000 150.4152 112.5577 77.5652 95.5225 66.6873 74.3521 149.3875
150.1256 35.9756 150.4152 0.0000 103.8233 63.6355 136.0102 109.8337 144.9715 41.5985
109.4452 113.7662 112.5577 103.8233 0.0000 86.9260 114.5356 151.6667 103.4850 109.4788
97.6225 95.3971 77.5652 63.6355 86.9260 0.0000 134.0064 130.2211 125.3572 159.7756
127.7416 150.2496 95.5225 136.0102 114.5356 134.0064 0.0000 100.9592 150.8760 21.1097
133.8453 74.3500 66.6873 109.8337 151.6667 130.2211 100.9592 0.0000 87.7048 83.3660
74.4215 127.0861 74.3521 144.9715 103.4850 125.3572 150.8760 87.7048 0.0000 51.6492
63.1284 81.2262 149.3875 41.5985 109.4788 159.7756 21.1097 83.3660 51.6492 0.0000
