10
0.0000 46.4359 236.7924 246.7555 297.5797 91.5772 113.2730 69.1250 204.5134 6.5241
46.4359 0.0000 63.5509 75.1905 181.3834 3.3068 143.4626 175.0347 58.3127 22.7578
236.7924 63.5509 0.0000 163.5179 185.2442 84.8833 98.9948 61.7330 47.1790 193.2948
246.7555 75.1905 163.5179 0.0000 20.2364 20.7649 296.0324 138.5491 102.7717 64.3365
297.5797 181.3834 185.2442 20.2364 0.0000 2.4339 93.8473 83.5031 261.5286 142.8315
91.5772 3.3068 84.8833 20.7649 2.4339 0.0000 274.5138 31.9729 157.6799 215.0810
113.2730 143.4626 98.9948 296.0324 93.8473 274.5138 0.0000 123.2456 62.3803 8.7477
69.1250 175.0347 61.7330 138.5491 83.5031 31.9729 123.2456 0.0000 211.6519 216.5438
204.5134 58.3127 47.1790 102.7717 261.5286 157.6799 62.3803 211.6519 0.0000 293.2838
6.5241 22.7578 193.2948 64.3365 142.8315 215.0810 8.7477 216.5438 293.2838 0.0000
