10
0.0000 102.3388 84.2162 109.5983 80.9335 103.8827 6.2200 105.5884 76.5325 157.5738
102.3388 0.0000 56.4350 97.4110 89.8795 89.4137 105.2596 133.8136 78.8031 90.8459
84.2162 56.4350 0.0000 88.5815 93.4478 143.1503 113.0545 97.6133 94.1609 145.2294
109.5983 97.4110 88.5815 0.0000 104.5937 97.1579 141.4305 60.9670 141.9436 100.2220
80.9335 89.8795 93.4478 104.5937 0.0000 87.6410 146.1782 59.8479 83.1542 81.1829
103.8827 89.4137 143.1503 97.1579 87.6410 0.0000 89.7858 103.9868 93.2838 106.8115
6.2200 105.2596 113.0545 141.4305 146.1782 89.7858 0.0000 96.2219 165.2983 109.4543
105.5884 133.8136 97.6133 60.9670 59.8479 103.9868 96.2219 0.0000 125.4192 93.9560
76.5325 78.8031 94.1609 141.9436 83.1542 93.2838 165.2983 125.4192 0.0000 138.7287
157.5738 90.8459 145.2294 100.2220 81.1829 106.8115 109.4543 93.9560 138.7287 0.0000
