10
0.0000 107.2421 94.5939 62.1567 72.7050 91.5249 104.4074 137.3587 88.7685 152.7441
107.2421 0.0000 91.1207 101.6258 120.3135 125.3982 103.4492 130.5384 133.9144 115.4246
94.5939 91.1207 0.0000 37.7034 56.3584 139.9672 89.4228 65.9179 155.0405 52.9827
62.1567 101.6258 37.7034 0.0000 87.0869 113.7681 158.3296 23.5413 53.1233 38.5498
72.7050 120.3135 56.3584 87.0869 0.0000 130.5185 76.3451 143.2160 152.4931 148.8506
91.5249 125.3982 139.9672 113.7681 130.5185 0.0000 121.3610 34.3310 69.5330 21.0671
104.4074 103.4492 89.4228 158.3296 76.3451 121.3610 0.0000 83.2524 69.3860 124.3170
137.3587 130.5384 65.9179 23.5413 143.2160 34.3310 83.2524 0.0000 91.0240 171.5938
88.7685 133.9144 155.0405 53.1233 152.4931 69.5330 69.3860 91.0240 0.0000 103.9721
152.7441 115.4246 52.9827 38.5498 148.8506 21.0671 124.3170 171.5938 103.9721 0.0000
