10
0.0000 110.8625 119.9413 81.7997 45.7292 89.8542 65.0228 89.0772 70.9495 124.6377
110.8625 0.0000 77.1287 89.3789 103.7732 79.7679 101.0827 139.7403 76.9105 79.2640
119.9413 77.1287 0.0000 133.3711 81.1204 113.0356 92.3564 94.1437 115.5976 92.2150
81.7997 89.3789 133.3711 0.0000 110.2026 72.0328 108.6810 97.7318 68.1473 66.0525
45.7292 103.7732 81.1204 110.2026 0.0000 102.4750 122.4791 88.9449 141.0551 97.2888
89.8542 79.7679 113.0356 72.0328 102.4750 0.0000 118.7299 91.8838 92.1858 109.7451
65.0228 101.0827 92.3564 108.6810 122.4791 118.7299 0.0000 106.7868 76.2203 120.9637
89.0772 139.7403 94.1437 97.7318 88.9449 91.8838 106.7868 0.0000 89.3764 126.5272
70.9495 76.9105 115.5976 68.1473 141.0551 92.1858 76.2203 89.3764 0.0000 83.8571
124.6377 79.2640 92.2150 66.0525 97.2888 109.7451 120.9637 126.5272 83.8571 0.0000
