10
0.0000 81.1627 87.1249 172.8586 119.3291 120.9196 42.9022 41.5061 109.0865 167.9751
81.1627 0.0000 208.5966 240.4295 84.2362 104.2649 90.8299 193.4837 77.9471 80.3643
87.1249 208.5966 0.0000 177.8652 17.7415 123.4576 78.7416 16.7185 157.0990 88.4875
172.8586 240.4295 177.8652 0.0000 253.5999 208.3728 189.3410 126.7879 93.7411 51.5664
119.3291 84.2362 17.7415 253.5999 0.0000 275.5321 228.4524 5.6742 150.3748 73.5879
120.9196 104.2649 123.4576 208.3728 275.5321 0.0000 114.3034 154.5833 114.2014 148.9271
42.9022 90.8299 78.7416 189.3410 228.4524 114.3034 0.0000 258.5202 73.3353 222.0711
41.5061 193.4837 16.7185 126.7879 5.6742 154.5833 258.5202 0.0000 95.7202 85.7598
109.0865 77.9471 157.0990 93.7411 150.3748 114.2014 73.3353 95.7202 0.0000 68.7813
167.9751 80.3643 88.4875 51.5664 73.5879 148.9271 222.0711 85.7598 68.7813 0.0000
