10
0.0000 44.4482 104.4908 162.8834 125.4665 106.8333 83.9046 127.5423 111.4083 79.6891
44.4482 0.0000 114.5611 81.4519 99.6177 61.6410 110.1649 77.8485 109.3557 81.6801
104.4908 114.5611 0.0000 100.4916 102.2252 113.9637 110.9082 104.2471 122.1021 80.8144
162.8834 81.4519 100.4916 0.0000 93.6805 101.3808 111.0780 110.8063 87.4524 102.2651
125.4665 99.6177 102.2252 93.6805 0.0000 116.5653 100.9218 110.0738 87.7703 109.0308
106.8333 61.6410 113.9637 101.3808 116.5653 0.0000 108.0947 99.7720 94.0359 90.8711
83.9046 110.1649 110.9082 111.0780 100.9218 108.0947 0.0000 138.4339 125.0999 115.3427
127.5423 77.8485 104.2471 110.8063 110.0738 99.7720 138.4339 0.0000 103.1678 108.9953
111.4083 109.3557 122.1021 87.4524 87.7703 94.0359 125.0999 103.1678 0.0000 75.3885
79.6891 81.6801 80.8144 102.2651 109.0308 90.8711 115.3427 108.9953 75.3885 0.0000
