10
0.0000 54.5351 62.3531 142.2703 224.2373 178.9630 105.5819 27.6905 104.8105 182.8183
54.5351 0.0000 70.8647 157.8785 44.7849 204.5517 28.1885 127.4853 174.1821 121.4074
62.3531 70.8647 0.0000 111.8899 127.3572 111.3398 238.0236 99.5638 76.6541 98.0646
142.2703 157.8785 111.8899 0.0000 60.6574 208.8298 64.9376 168.0859 55.0373 182.4861
224.2373 44.7849 127.3572 60.6574 0.0000 134.4246 157.0720 16.1454 12.6135 171.0834
178.9630 204.5517 111.3398 208.8298 134.4246 0.0000 79.5683 158.2398 8.4827 81.8839
105.5819 28.1885 238.0236 64.9376 157.0720 79.5683 0.0000 72.3726 76.6388 132.1727
27.6905 127.4853 99.5638 168.0859 16.1454 158.2398 72.3726 0.0000 186.1741 176.0179
104.8105 174.1821 76.6541 55.0373 12.6135 8.4827 76.6388 186.1741 0.0000 9.0785
182.8183 121.4074 98.0646 182.4861 171.0834 81.8839 132.1727 176.0179 9.0785 0.0000
