10
0.0000 100.1812 89.8021 94.4898 115.4101 111.0392 104.5612 104.5168 98.1746 103.6641
100.1812 0.0000 108.7546 86.0032 102.8191 106.1616 110.5172 101.9599 92.8919 114.5024
89.8021 108.7546 0.0000 116.8433 96.0074 89.4652 103.5802 90.5762 101.8131 96.0164
94.4898 86.0032 116.8433 0.0000 83.4958 112.2812 100.3713 101.4883 84.8416 103.7658
115.4101 102.8191 96.0074 83.4958 0.0000 107.9964 101.3827 104.6989 104.2757 83.6107
111.0392 106.1616 89.4652 112.2812 107.9964 0.0000 90.3191 91.0096 113.1201 94.1600
104.5612 110.5172 103.5802 100.3713 101.3827 90.3191 0.0000 93.1938 109.9991 95.8751
104.5168 101.9599 90.5762 101.4883 104.6989 91.0096 93.1938 0.0000 116.6857 99.9675
98.1746 92.8919 101.8131 84.8416 104.2757 113.1201 109.9991 116.6857 0.0000 105.4550
103.6641 114.5024 96.0164 103.7658 83.6107 94.1600 95.8751 99.9675 105.4550 0.0000
