10
0.0000 34.4754 112.1349 103.6609 73.0049 85.0700 142.6282 82.0600 205.0201 5.7725
34.4754 0.0000 192.8827 98.4172 171.6911 205.4266 149.7673 32.5101 112.2266 5.4494
112.1349 192.8827 0.0000 94.6907 115.1039 237.8947 36.5433 113.7973 20.0022 90.8336
103.6609 98.4172 94.6907 0.0000 109.7530 94.3131 65.6373 130.9001 153.6387 240.3035
73.0049 171.6911 115.1039 109.7530 0.0000 112.4800 172.2966 182.3904 15.0679 108.0259
85.0700 205.4266 237.8947 94.3131 112.4800 0.0000 260.7372 161.5905 371.1997 143.9197
142.6282 149.7673 36.5433 65.6373 172.2966 260.7372 0.0000 222.8762 29.1915 108.6881
82.0600 32.5101 113.7973 130.9001 182.3904 161.5905 222.8762 0.0000 270.1333 28.8226
205.0201 112.2266 20.0022 153.6387 15.0679 371.1997 29.1915 270.1333 0.0000 180.4332
5.7725 5.4494 90.8336 240.3035 108.0259 143.9197 108.6881 28.8226 180.4332 0.0000
