10
0.0000 104.4879 105.7499 94.8401 111.5299 95.6580 108.9416 91.4352 99.0593 122.4940
104.4879 0.0000 103.4351 92.7602 107.2843 107.1036 107.6826 91.1841 104.7878 110.6860
105.7499 103.4351 0.0000 108.5622 101.8050 104.0636 116.9171 94.9292 88.8036 106.7308
94.8401 92.7602 108.5622 0.0000 102.0598 88.7493 103.2541 94.5733 110.6484 96.2764
111.5299 107.2843 101.8050 102.0598 0.0000 105.4358 94.0854 101.9605 92.8484 112.2127
95.6580 107.1036 104.0636 88.7493 105.4358 0.0000 114.0218 99.5080 100.8750 92.6553
108.9416 107.6826 116.9171 103.2541 94.0854 114.0218 0.0000 86.3901 99.8630 105.3722
91.4352 91.1841 94.9292 94.5733 101.9605 99.5080 86.3901 0.0000 114.8292 105.6030
99.0593 104.7878 88.8036 110.6484 92.8484 100.8750 99.8630 114.8292 0.0000 91.6088
122.4940 110.6860 106.7308 96.2764 112.2127 92.6553 105.3722 105.6030 91.6088 0.0000
