10
0.0000 39.3387 103.7643 88.4353 65.7265 98.0198 107.0003 29.1412 67.3074 135.9466
39.3387 0.0000 88.4186 41.0095 20.5842 137.4368 58.0782 172.9065 30.1713 259.7966
103.7643 88.4186 0.0000 7.8689 125.0542 46.2837 159.5926 19.1168 176.7668 256.7318
88.4353 41.0095 7.8689 0.0000 167.0295 126.0908 190.2327 105.3310 170.5246 11.4380
65.7265 20.5842 125.0542 167.0295 0.0000 73.0866 276.1860 104.9051 150.6676 104.1399
98.0198 137.4368 46.2837 126.0908 73.0866 0.0000 212.4616 178.0055 198.7359 112.9471
107.0003 58.0782 159.5926 190.2327 276.1860 212.4616 0.0000 48.1264 31.6369 220.6026
29.1412 172.9065 19.1168 105.3310 104.9051 178.0055 48.1264 0.0000 17.1279 166.4936
67.3074 30.1713 176.7668 170.5246 150.6676 198.7359 31.6369 17.1279 0.0000 46.0279
135.9466 259.7966 256.7318 11.4380 104.1399 112.9471 220.6026 166.4936 46.0279 0.0000
