11
0.0000 91.0997 180.0744 78.6900 133.8728 116.7505 77.8257 49.8992 117.9616 123.9622 223.6804
91.0997 0.0000 198.9871 90.8401 198.1931 4.2405 144.8312 193.7271 28.2378 148.1230 223.3008
180.0744 198.9871 0.0000 191.3749 150.2990 78.4369 148.1692 250.8653 25.7548 243.9518 115.1886
78.6900 90.8401 191.3749 0.0000 91.3406 153.0393 107.6055 176.3291 146.2132 180.0067 133.4445
133.8728 198.1931 150.2990 91.3406 0.0000 248.0319 59.0970 82.0503 73.3260 17.5926 116.3262
116.7505 4.2405 78.4369 153.0393 248.0319 0.0000 262.4179 27.7840 19.4991 107.7502 249.9975
77.8257 144.8312 148.1692 107.6055 59.0970 262.4179 0.0000 47.9726 31.0093 51.7095 137.0582
49.8992 193.7271 250.8653 176.3291 82.0503 27.7840 47.9726 0.0000 60.9801 193.0397 154.4807
117.9616 28.2378 25.7548 146.2132 73.3260 19.4991 31.0093 60.9801 0.0000 13.8677 72.0459
123.9622 148.1230 243.9518 180.0067 17.5926 107.7502 51.7095 193.0397 13.8677 0.0000 79.5433
223.6804 223.3008 115.1886 133.4445 116.3262 249.9975 137.0582 154.4807 72.0459 79.5433 0.0000
