11
0.0000 99.8055 124.6581 106.0891 88.9276 91.4765 100.3789 111.6168 109.2075 101.0463 112.4338
99.8055 0.0000 90.3140 108.6153 85.6774 116.8245 90.3730 99.7494 94.8253 113.3530 84.6726
124.6581 90.3140 0.0000 104.0329 88.7731 94.2683 80.9505 110.6669 96.0972 115.4080 100.4313
106.0891 108.6153 104.0329 0.0000 108.5688 107.3998 99.9341 92.0939 105.7461 82.0188 117.9122
88.9276 85.6774 88.7731 108.5688 0.0000 95.6970 98.8627 76.8764 109.1015 105.4347 111.4534
91.4765 116.8245 94.2683 107.3998 95.6970 0.0000 86.2480 88.3109 87.3942 96.3835 92.4981
100.3789 90.3730 80.9505 99.9341 98.8627 86.2480 0.0000 97.5592 107.2920 108.2932 98.9714
111.6168 99.7494 110.6669 92.0939 76.8764 88.3109 97.5592 0.0000 90.8083 93.4403 100.4391
109.2075 94.8253 96.0972 105.7461 109.1015 87.3942 107.2920 90.8083 0.0000 108.3983 95.4736
101.0463 113.3530 115.4080 82.0188 105.4347 96.3835 108.2932 93.4403 108.3983 0.0000 114.5423
112.4338 84.6726 100.4313 117.9122 111.4534 92.4981 98.9714 100.4391 95.4736 114.5423 0.0000
