11
0.0000 115.3151 113.8297 120.2536 99.1631 106.2512 121.5820 92.5000 120.7554 112.9660 97.7828
115.3151 0.0000 96.4258 89.1186 80.2380 112.5879 92.1463 80.2682 65.9933 137.4662 126.1640
113.8297 96.4258 0.0000 118.2595 131.3808 100.0100 137.6504 104.3589 82.9307 112.7005 101.7373
120.2536 89.1186 118.2595 0.0000 96.8393 116.6755 74.6052 78.3828 109.6421 93.6361 81.1330
99.1631 80.2380 131.3808 96.8393 0.0000 107.1356 67.0407 129.1682 141.2957 120.5346 85.6389
106.2512 112.5879 100.0100 116.6755 107.1356 0.0000 109.7171 83.0267 102.0968 120.2219 117.4672
121.5820 92.1463 137.6504 74.6052 67.0407 109.7171 0.0000 126.4391 116.9056 99.3878 70.7873
92.5000 80.2682 104.3589 78.3828 129.1682 83.0267 126.4391 0.0000 101.9202 90.7769 138.6687
120.7554 65.9933 82.9307 109.6421 141.2957 102.0968 116.9056 101.9202 0.0000 97.1221 86.2931
112.9660 137.4662 112.7005 93.6361 120.5346 120.2219 99.3878 90.7769 97.1221 0.0000 88.9819
97.7828 126.1640 101.7373 81.1330 85.6389 117.4672 70.7873 138.6687 86.2931 88.9819 0.0000
