11
0.0000 97.4801 189.1110 61.3053 34.6336 154.4257 191.3180 154.4098 215.1435 247.2750 55.2552
97.4801 0.0000 111.3845 81.3171 110.9406 123.1244 101.4615 40.0965 97.2614 119.3080 101.3749
189.1110 111.3845 0.0000 84.4869 41.5385 198.6778 160.9174 125.2091 156.0256 43.7611 125.7700
61.3053 81.3171 84.4869 0.0000 55.2760 104.6626 126.6205 195.5506 49.6442 25.0311 97.3488
34.6336 110.9406 41.5385 55.2760 0.0000 37.4940 40.4176 80.2980 62.2457 46.2364 117.0516
154.4257 123.1244 198.6778 104.6626 37.4940 0.0000 29.6360 113.6617 151.6897 120.7338 225.6846
191.3180 101.4615 160.9174 126.6205 40.4176 29.6360 0.0000 125.7712 108.0319 220.5148 90.4624
154.4098 40.0965 125.2091 195.5506 80.2980 113.6617 125.7712 0.0000 207.8909 83.5426 34.3227
215.1435 97.2614 156.0256 49.6442 62.2457 151.6897 108.0319 207.8909 0.0000 144.6172 181.6463
247.2750 119.3080 43.7611 25.0311 46.2364 120.7338 220.5148 83.5426 144.6172 0.0000 229.8495
55.2552 101.3749 125.7700 97.3488 117.0516 225.6846 90.4624 34.3227 181.6463 229.8495 0.0000
