11
0.0000 105.3810 82.2560 86.3484 134.3591 102.0327 92.4221 71.9966 93.9928 87.1171 90.8523
105.3810 0.0000 115.3633 70.8177 119.9108 84.8515 139.0726 104.8707 77.7265 74.4945 86.9284
82.2560 115.3633 0.0000 90.4899 88.8744 147.5287 102.8495 51.9641 118.1331 106.5955 112.6868
86.3484 70.8177 90.4899 0.0000 84.8615 89.6744 117.2067 100.9442 76.0925 82.9572 111.0132
134.3591 119.9108 88.8744 84.8615 0.0000 117.2280 110.2257 115.6210 135.7736 107.2190 92.7338
102.0327 84.8515 147.5287 89.6744 117.2280 0.0000 118.7579 71.6782 87.3400 129.0042 104.7884
92.4221 139.0726 102.8495 117.2067 110.2257 118.7579 0.0000 79.8625 92.5627 102.4795 68.5219
71.9966 104.8707 51.9641 100.9442 115.6210 71.6782 79.8625 0.0000 86.8725 72.1530 77.7147
93.9928 77.7265 118.1331 76.0925 135.7736 87.3400 92.5627 86.8725 0.0000 94.7960 96.9638
87.1171 74.4945 106.5955 82.9572 107.2190 129.0042 102.4795 72.1530 94.7960 0.0000 97.3526
90.8523 86.9284 112.6868 111.0132 92.7338 104.7884 68.5219 77.7147 96.9638 97.3526 0.0000
