11
0.0000 99.1927 94.8747 103.6617 95.2560 100.6545 103.6602 91.3338 104.3872 90.5425 119.1368
99.1927 0.0000 84.1861 111.8684 108.5905 87.6858 108.3136 92.2679 99.3345 96.3027 96.2023
94.8747 84.1861 0.0000 87.8141 95.4353 113.7907 92.3590 93.2994 95.3269 93.5149 98.3505
103.6617 111.8684 87.8141 0.0000 103.7724 107.2136 81.0572 97.6184 112.4777 97.7788 93.2917
95.2560 108.5905 95.4353 103.7724 0.0000 101.8910 98.2935 101.3347 109.6507 100.0780 97.0580
100.6545 87.6858 113.7907 107.2136 101.8910 0.0000 113.0770 96.4051 95.2082 115.9571 87.8162
103.6602 108.3136 92.3590 81.0572 98.2935 113.0770 0.0000 100.4105 99.1114 126.2973 107.5968
91.3338 92.2679 93.2994 97.6184 101.3347 96.4051 100.4105 0.0000 109.3120 103.5642 103.9234
104.3872 99.3345 95.3269 112.4777 109.6507 95.2082 99.1114 109.3120 0.0000 93.4056 90.2695
90.5425 96.3027 93.5149 97.7788 100.0780 115.9571 126.2973 103.5642 93.4056 0.0000 107.8510
119.1368 96.2023 98.3505 93.2917 97.0580 87.8162 107.5968 103.9234 90.2695 107.8510 0.0000
