11
0.0000 115.1299 148.1631 86.9876 16.4067 246.0761 138.1880 160.0147 91.3984 151.5119 59.4956
115.1299 0.0000 215.5622 42.4653 18.7246 160.7008 71.1740 166.4493 95.7248 94.3741 59.4326
148.1631 215.5622 0.0000 134.8587 82.8854 211.8558 51.7139 247.2450 118.1786 30.1479 43.9689
86.9876 42.4653 134.8587 0.0000 195.8039 158.0968 101.1883 98.3189 81.6401 71.5707 86.7064
16.4067 18.7246 82.8854 195.8039 0.0000 124.0366 127.7029 75.1444 89.1105 126.3913 23.6024
246.0761 160.7008 211.8558 158.0968 124.0366 0.0000 191.8403 112.4134 56.5607 197.0659 53.4875
138.1880 71.1740 51.7139 101.1883 127.7029 191.8403 0.0000 64.9638 122.7349 27.5964 104.8227
160.0147 166.4493 247.2450 98.3189 75.1444 112.4134 64.9638 0.0000 152.8281 69.2621 92.4927
91.3984 95.7248 118.1786 81.6401 89.1105 56.5607 122.7349 152.8281 0.0000 172.2218 29.5634
151.5119 94.3741 30.1479 71.5707 126.3913 197.0659 27.5964 69.2621 172.2218 0.0000 100.2567
59.4956 59.4326 43.9689 86.7064 23.6024 53.4875 104.8227 92.4927 29.5634 100.2567 0.0000
