11
0.0000 148.2873 198.1538 24.6832 109.0041 205.5673 14.6644 206.1921 168.6461 274.5046 301.5792
148.2873 0.0000 85.7520 168.6429 128.7268 175.1192 121.5824 124.6324 44.5783 96.8324 119.6972
198.1538 85.7520 0.0000 184.6412 65.6904 45.4517 111.6000 165.1133 63.8483 129.9185 208.0518
24.6832 168.6429 184.6412 0.0000 75.8551 113.6611 110.3565 90.7038 32.4787 53.4787 67.1480
109.0041 128.7268 65.6904 75.8551 0.0000 39.7945 135.8186 186.4958 76.6450 66.5040 130.2061
205.5673 175.1192 45.4517 113.6611 39.7945 0.0000 274.6154 84.5193 87.4103 142.4999 171.6144
14.6644 121.5824 111.6000 110.3565 135.8186 274.6154 0.0000 323.6802 6.3592 68.1056 57.4479
206.1921 124.6324 165.1133 90.7038 186.4958 84.5193 323.6802 0.0000 231.8080 130.6658 94.0295
168.6461 44.5783 63.8483 32.4787 76.6450 87.4103 6.3592 231.8080 0.0000 172.2330 275.9821
274.5046 96.8324 129.9185 53.4787 66.5040 142.4999 68.1056 130.6658 172.2330 0.0000 150.1419
301.5792 119.6972 208.0518 67.1480 130.2061 171.6144 57.4479 94.0295 275.9821 150.1419 0.0000
