11
0.0000 117.4399 36.7813 168.8478 182.6235 69.1528 105.4984 73.8561 148.3492 46.2147 128.8076
117.4399 0.0000 88.2029 127.7064 138.9213 158.0131 72.1914 82.3798 67.7813 147.7401 119.7389
36.7813 88.2029 0.0000 147.3514 90.7482 94.7705 83.7590 140.2876 102.8943 98.2119 118.6478
168.8478 127.7064 147.3514 0.0000 124.1110 92.9656 90.8958 54.4244 80.3637 93.2109 108.4914
182.6235 138.9213 90.7482 124.1110 0.0000 113.2826 138.3340 88.4030 114.2708 129.2973 67.7245
69.1528 158.0131 94.7705 92.9656 113.2826 0.0000 15.7447 102.8939 82.4870 64.1250 132.8777
105.4984 72.1914 83.7590 90.8958 138.3340 15.7447 0.0000 179.9262 118.0262 75.0590 150.5368
73.8561 82.3798 140.2876 54.4244 88.4030 102.8939 179.9262 0.0000 177.4237 117.4513 39.7115
148.3492 67.7813 102.8943 80.3637 114.2708 82.4870 118.0262 177.4237 0.0000 79.8655 158.5893
46.2147 147.7401 98.2119 93.2109 129.2973 64.1250 75.0590 117.4513 79.8655 0.0000 76.9546
128.8076 119.7389 118.6478 108.4914 67.7245 132.8777 150.5368 39.7115 158.5893 76.9546 0.0000
