11
0.0000 121.2542 95.4671 114.9590 75.5950 152.2955 54.7643 56.2004 151.6825 137.8524 28.4830
121.2542 0.0000 83.9187 96.2016 141.0593 101.4469 106.8252 122.9700 201.5102 82.1923 184.7613
95.4671 83.9187 0.0000 116.1903 73.6352 59.3248 41.6072 109.6233 102.6882 126.5733 74.2494
114.9590 96.2016 116.1903 0.0000 185.7995 100.8629 96.3299 113.9860 122.7657 82.7874 120.3025
75.5950 141.0593 73.6352 185.7995 0.0000 133.1002 68.0563 116.1523 97.0955 38.5949 72.5147
152.2955 101.4469 59.3248 100.8629 133.1002 0.0000 19.6577 102.9562 80.2595 118.2343 63.3181
54.7643 106.8252 41.6072 96.3299 68.0563 19.6577 0.0000 105.7641 100.4218 15.4649 59.7714
56.2004 122.9700 109.6233 113.9860 116.1523 102.9562 105.7641 0.0000 99.6574 87.3088 181.3906
151.6825 201.5102 102.6882 122.7657 97.0955 80.2595 100.4218 99.6574 0.0000 115.2476 115.1337
137.8524 82.1923 126.5733 82.7874 38.5949 118.2343 15.4649 87.3088 115.2476 0.0000 46.3588
28.4830 184.7613 74.2494 120.3025 72.5147 63.3181 59.7714 181.3906 115.1337 46.3588 0.0000
