11
0.0000 109.4093 151.3796 100.5689 127.2475 226.6494 106.9579 85.4980 68.6600 87.4301 34.8341
109.4093 0.0000 87.0539 148.0910 98.9581 57.3662 103.6251 139.3827 16.7374 37.5370 20.0341
151.3796 87.0539 0.0000 236.8928 103.2653 45.9099 75.6152 166.8757 175.2219 172.0476 33.5379
100.5689 148.0910 236.8928 0.0000 141.4545 10.5719 77.1444 204.6152 144.0869 136.2760 161.7946
127.2475 98.9581 103.2653 141.4545 0.0000 85.8426 81.7795 140.5921 27.8671 31.2104 121.2823
226.6494 57.3662 45.9099 10.5719 85.8426 0.0000 118.9974 11.6693 25.9543 135.5169 70.6995
106.9579 103.6251 75.6152 77.1444 81.7795 118.9974 0.0000 69.4483 181.6897 139.1728 101.1209
85.4980 139.3827 166.8757 204.6152 140.5921 11.6693 69.4483 0.0000 6.2255 118.7454 55.3826
68.6600 16.7374 175.2219 144.0869 27.8671 25.9543 181.6897 6.2255 0.0000 85.5916 132.2513
87.4301 37.5370 172.0476 136.2760 31.2104 135.5169 139.1728 118.7454 85.5916 0.0000 92.4423
34.8341 20.0341 33.5379 161.7946 121.2823 70.6995 101.1209 55.3826 132.2513 92.4423 0.0000
