11
0.0000 20.0533 151.6060 91.5265 129.1284 37.7630 162.4883 103.5319 57.8448 124.4091 52.6658
20.0533 0.0000 57.6434 87.0516 256.5923 65.8853 118.8065 213.7595 138.8094 153.5957 81.2586
151.6060 57.6434 0.0000 232.6908 113.7425 131.6527 83.9183 84.1278 114.6443 27.7361 30.7858
91.5265 87.0516 232.6908 0.0000 218.9697 170.8556 49.7704 165.5512 114.3207 38.1498 147.7980
129.1284 256.5923 113.7425 218.9697 0.0000 103.1534 71.9984 215.0031 242.5212 182.5957 103.3115
37.7630 65.8853 131.6527 170.8556 103.1534 0.0000 78.2969 60.6605 229.6401 106.7188 68.7850
162.4883 118.8065 83.9183 49.7704 71.9984 78.2969 0.0000 42.6902 80.1092 88.2797 178.7253
103.5319 213.7595 84.1278 165.5512 215.0031 60.6605 42.6902 0.0000 154.7378 124.2453 44.7279
57.8448 138.8094 114.6443 114.3207 242.5212 229.6401 80.1092 154.7378 0.0000 126.3838 159.5237
124.4091 153.5957 27.7361 38.1498 182.5957 106.7188 88.2797 124.2453 126.3838 0.0000 146.5210
52.6658 81.2586 30.7858 147.7980 103.3115 68.7850 178.7253 44.7279 159.5237 146.5210 0.0000
