11
0.0000 92.1346 68.8071 202.5705 50.9238 90.1667 95.9273 147.0859 148.5657 111.9989 90.4681
92.1346 0.0000 80.1868 54.2321 52.9886 117.1231 71.7589 37.7624 6.1571 146.4422 110.6270
68.8071 80.1868 0.0000 175.6432 180.3920 105.3649 67.0125 70.9363 27.0952 99.3296 85.0390
202.5705 54.2321 175.6432 0.0000 14.1132 91.2851 161.1486 116.0579 120.3627 58.4799 1.6701
50.9238 52.9886 180.3920 14.1132 0.0000 164.2114 12.5210 69.8389 57.0323 134.2300 16.7764
90.1667 117.1231 105.3649 91.2851 164.2114 0.0000 111.7986 141.0232 32.9113 111.7596 181.9234
95.9273 71.7589 67.0125 161.1486 12.5210 111.7986 0.0000 147.7179 113.9707 237.9558 10.2831
147.0859 37.7624 70.9363 116.0579 69.8389 141.0232 147.7179 0.0000 39.2352 85.8895 68.6821
148.5657 6.1571 27.0952 120.3627 57.0323 32.9113 113.9707 39.2352 0.0000 16.9605 144.3961
111.9989 146.4422 99.3296 58.4799 134.2300 111.7596 237.9558 85.8895 16.9605 0.0000 167.4050
90.4681 110.6270 85.0390 1.6701 16.7764 181.9234 10.2831 68.6821 144.3961 167.4050 0.0000
