11
0.0000 106.1079 128.6822 123.4948 186.8660 120.2951 4.3361 148.6624 162.1226 18.4025 147.3796
106.1079 0.0000 104.7073 88.5764 114.9079 138.0224 301.8747 64.4077 141.4675 111.7307 6.0292
128.6822 104.7073 0.0000 240.5063 198.3087 183.3305 283.3625 99.9059 299.5136 226.5711 288.6917
123.4948 88.5764 240.5063 0.0000 127.6939 279.8079 72.6467 63.5556 75.4163 104.8557 108.7487
186.8660 114.9079 198.3087 127.6939 0.0000 181.1365 5.4288 91.1388 180.1370 107.1204 83.3486
120.2951 138.0224 183.3305 279.8079 181.1365 0.0000 285.3630 105.2322 25.9427 17.9710 120.2981
4.3361 301.8747 283.3625 72.6467 5.4288 285.3630 0.0000 124.2652 130.0940 137.0343 246.5770
148.6624 64.4077 99.9059 63.5556 91.1388 105.2322 124.2652 0.0000 24.8821 164.4501 7.8753
162.1226 141.4675 299.5136 75.4163 180.1370 25.9427 130.0940 24.8821 0.0000 101.3719 120.8782
18.4025 111.7307 226.5711 104.8557 107.1204 17.9710 137.0343 164.4501 101.3719 0.0000 202.7745
147.3796 6.0292 288.6917 108.7487 83.3486 120.2981 246.5770 7.8753 120.8782 202.7745 0.0000
