11
0.0000 133.4604 137.1890 64.5492 32.8632 266.8467 204.0823 47.7952 279.0975 36.9330 99.6086
133.4604 0.0000 151.8270 9.5939 182.6903 233.2539 179.5799 66.7167 275.8985 58.5911 224.2359
137.1890 151.8270 0.0000 151.8426 86.1725 211.4640 278.1007 219.7975 62.1293 146.8099 104.8716
64.5492 9.5939 151.8426 0.0000 92.9933 8.7312 81.7694 138.2387 180.1439 242.5273 42.5476
32.8632 182.6903 86.1725 92.9933 0.0000 128.5395 100.3031 250.3840 117.7172 90.6071 170.3902
266.8467 233.2539 211.4640 8.7312 128.5395 0.0000 23.3034 74.8497 148.7170 239.5179 72.0408
204.0823 179.5799 278.1007 81.7694 100.3031 23.3034 0.0000 176.5309 151.9564 206.4988 204.3005
47.7952 66.7167 219.7975 138.2387 250.3840 74.8497 176.5309 0.0000 59.3928 143.5158 90.9068
279.0975 275.8985 62.1293 180.1439 117.7172 148.7170 151.9564 59.3928 0.0000 38.8525 111.1667
36.9330 58.5911 146.8099 242.5273 90.6071 239.5179 206.4988 143.5158 38.8525 0.0000 58.3604
99.6086 224.2359 104.8716 42.5476 170.3902 72.0408 204.3005 90.9068 111.1667 58.3604 0.0000
