11
0.0000 97.8523 99.2498 96.0690 103.1823 122.7429 111.6534 81.0465 98.3245 102.5971 71.4697
97.8523 0.0000 108.3099 95.0676 120.7641 125.5035 103.5848 105.2336 102.8460 66.5191 144.4399
99.2498 108.3099 0.0000 108.9409 102.6419 105.8423 103.0200 98.2895 100.2954 116.0204 120.0959
96.0690 95.0676 108.9409 0.0000 69.4168 121.2692 113.5599 121.5827 88.0698 92.4125 115.2888
103.1823 120.7641 102.6419 69.4168 0.0000 88.3177 83.3889 99.1762 90.3668 74.5520 39.3403
122.7429 125.5035 105.8423 121.2692 88.3177 0.0000 72.9059 61.8804 98.5211 106.6122 111.8433
111.6534 103.5848 103.0200 113.5599 83.3889 72.9059 0.0000 67.0871 84.5093 88.6574 85.9539
81.0465 105.2336 98.2895 121.5827 99.1762 61.8804 67.0871 0.0000 107.5537 60.0362 79.0468
98.3245 102.8460 100.2954 88.0698 90.3668 98.5211 84.5093 107.5537 0.0000 83.9251 80.0940
102.5971 66.5191 116.0204 92.4125 74.5520 106.6122 88.6574 60.0362 83.9251 0.0000 75.5875
71.4697 144.4399 120.0959 115.2888 39.3403 111.8433 85.9539 79.0468 80.0940 75.5875 0.0000
