11
0.0000 132.1371 26.5098 132.6207 188.2029 65.1024 37.1468 110.5281 24.3748 93.1941 156.6063
132.1371 0.0000 113.2181 136.2821 125.7485 103.8814 68.4938 63.3632 95.7126 69.6757 87.3389
26.5098 113.2181 0.0000 113.0441 92.2645 84.9774 60.6060 129.5504 104.4242 79.7084 125.4663
132.6207 136.2821 113.0441 0.0000 251.6864 93.8673 117.5558 176.6660 81.0692 77.4699 108.7894
188.2029 125.7485 92.2645 251.6864 0.0000 152.9502 110.5237 29.5674 194.7921 44.2047 253.6543
65.1024 103.8814 84.9774 93.8673 152.9502 0.0000 107.6560 124.5319 49.6707 150.6820 137.1815
37.1468 68.4938 60.6060 117.5558 110.5237 107.6560 0.0000 82.1625 51.6503 63.6225 36.9978
110.5281 63.3632 129.5504 176.6660 29.5674 124.5319 82.1625 0.0000 125.2415 200.6629 112.8461
24.3748 95.7126 104.4242 81.0692 194.7921 49.6707 51.6503 125.2415 0.0000 51.3230 165.5467
93.1941 69.6757 79.7084 77.4699 44.2047 150.6820 63.6225 200.6629 51.3230 0.0000 81.6214
156.6063 87.3389 125.4663 108.7894 253.6543 137.1815 36.9978 112.8461 165.5467 81.6214 0.0000
