11
0.0000 85.8369 190.6063 102.6315 175.2854 65.1916 79.6499 279.2060 123.3002 4.6682 103.9825
85.8369 0.0000 94.2778 202.7248 87.6888 174.4966 199.0440 13.7291 111.4054 187.7635 128.4010
190.6063 94.2778 0.0000 173.8772 8.1508 79.4282 123.7513 71.8685 5.4971 159.2601 122.4367
102.6315 202.7248 173.8772 0.0000 92.9380 50.8801 261.3009 141.7530 223.1337 414.8852 236.7728
175.2854 87.6888 8.1508 92.9380 0.0000 174.2401 127.6173 269.9296 284.9406 52.2476 182.1950
65.1916 174.4966 79.4282 50.8801 174.2401 0.0000 123.3864 89.0794 45.5305 19.9462 123.8773
79.6499 199.0440 123.7513 261.3009 127.6173 123.3864 0.0000 118.0656 28.3164 146.0738 121.5250
279.2060 13.7291 71.8685 141.7530 269.9296 89.0794 118.0656 0.0000 274.0101 19.1697 21.8271
123.3002 111.4054 5.4971 223.1337 284.9406 45.5305 28.3164 274.0101 0.0000 15.8967 162.8541
4.6682 187.7635 159.2601 414.8852 52.2476 19.9462 146.0738 19.1697 15.8967 0.0000 126.0574
103.9825 128.4010 122.4367 236.7728 182.1950 123.8773 121.5250 21.8271 162.8541 126.0574 0.0000
