11
0.0000 58.0762 158.7261 162.4156 105.6671 99.6136 112.1733 154.5632 59.1429 112.5883 61.4136
58.0762 0.0000 153.1499 107.8090 89.8685 84.4203 76.7898 139.7171 22.5994 181.6685 27.7741
158.7261 153.1499 0.0000 162.5138 130.6340 112.8288 30.6215 54.9658 190.2739 114.0704 40.8390
162.4156 107.8090 162.5138 0.0000 88.9925 60.7457 111.6293 139.8067 121.7110 105.6546 101.9822
105.6671 89.8685 130.6340 88.9925 0.0000 108.6569 83.4847 135.2856 111.5489 67.7363 22.9322
99.6136 84.4203 112.8288 60.7457 108.6569 0.0000 125.0269 152.5657 162.0095 44.1088 94.9124
112.1733 76.7898 30.6215 111.6293 83.4847 125.0269 0.0000 26.1322 121.1794 24.6803 129.1460
154.5632 139.7171 54.9658 139.8067 135.2856 152.5657 26.1322 0.0000 119.5698 153.6038 104.7596
59.1429 22.5994 190.2739 121.7110 111.5489 162.0095 121.1794 119.5698 0.0000 149.8851 18.1494
112.5883 181.6685 114.0704 105.6546 67.7363 44.1088 24.6803 153.6038 149.8851 0.0000 136.1423
61.4136 27.7741 40.8390 101.9822 22.9322 94.9124 129.1460 104.7596 18.1494 136.1423 0.0000
