11
0.0000 70.1821 112.4120 250.3732 14.5364 97.7130 146.1811 111.1649 186.2220 106.8330 206.9523
70.1821 0.0000 87.8024 160.0139 21.8932 92.3682 131.8837 34.9031 148.2465 59.1544 14.4968
112.4120 87.8024 0.0000 70.9394 169.9281 230.3849 149.7295 35.3871 164.1067 118.8895 189.5284
250.3732 160.0139 70.9394 0.0000 98.0941 100.0071 176.0906 17.3124 233.8694 26.4763 74.5795
14.5364 21.8932 169.9281 98.0941 0.0000 362.3658 219.3295 224.5225 296.1167 304.8777 275.8057
97.7130 92.3682 230.3849 100.0071 362.3658 0.0000 70.3529 197.6596 151.3617 217.4925 24.8075
146.1811 131.8837 149.7295 176.0906 219.3295 70.3529 0.0000 114.0556 134.8010 52.1342 80.1781
111.1649 34.9031 35.3871 17.3124 224.5225 197.6596 114.0556 0.0000 2.9751 37.4871 245.3229
186.2220 148.2465 164.1067 233.8694 296.1167 151.3617 134.8010 2.9751 0.0000 209.4010 62.1434
106.8330 59.1544 118.8895 26.4763 304.8777 217.4925 52.1342 37.4871 209.4010 0.0000 130.1659
206.9523 14.4968 189.5284 74.5795 275.8057 24.8075 80.1781 245.3229 62.1434 130.1659 0.0000
