11
0.0000 384.1624 289.8430 147.4615 112.0189 69.7977 2.0777 109.1170 125.6872 235.2085 222.1881
384.1624 0.0000 92.8287 178.9975 23.0420 2.3373 83.5855 186.2986 30.5262 291.1428 103.5463
289.8430 92.8287 0.0000 187.6937 238.0506 170.5713 111.4005 75.3218 205.3676 150.0404 40.5903
147.4615 178.9975 187.6937 0.0000 127.4461 84.8947 158.0486 59.3124 227.3438 129.1580 149.5291
112.0189 23.0420 238.0506 127.4461 0.0000 143.7473 104.1324 109.6857 114.9154 276.3937 114.6183
69.7977 2.3373 170.5713 84.8947 143.7473 0.0000 111.5253 106.4159 183.2394 104.6049 166.3589
2.0777 83.5855 111.4005 158.0486 104.1324 111.5253 0.0000 265.0528 180.2169 228.1980 58.1314
109.1170 186.2986 75.3218 59.3124 109.6857 106.4159 265.0528 0.0000 20.9972 265.5937 272.8109
125.6872 30.5262 205.3676 227.3438 114.9154 183.2394 180.2169 20.9972 0.0000 117.4350 84.9140
235.2085 291.1428 150.0404 129.1580 276.3937 104.6049 228.1980 265.5937 117.4350 0.0000 57.6050
222.1881 103.5463 40.5903 149.5291 114.6183 166.3589 58.1314 272.8109 84.9140 57.6050 0.0000
