11
0.0000 104.6047 71.3180 99.1290 98.3694 93.5248 45.7765 98.9874 156.4122 76.4117 117.6562
104.6047 0.0000 155.1337 17.7631 64.1370 84.3629 21.8560 115.0777 81.5106 69.3846 86.5196
71.3180 155.1337 0.0000 100.2555 129.4555 119.8507 68.3411 96.7358 63.7953 91.5389 40.5272
99.1290 17.7631 100.2555 0.0000 96.3248 101.3737 70.3141 86.2859 95.5738 30.8380 72.5248
98.3694 64.1370 129.4555 96.3248 0.0000 89.0151 140.7207 119.7652 84.1275 59.9783 152.8937
93.5248 84.3629 119.8507 101.3737 89.0151 0.0000 109.3659 140.4499 187.4298 50.4246 184.9161
45.7765 21.8560 68.3411 70.3141 140.7207 109.3659 0.0000 77.5784 88.1286 103.7370 92.3743
98.9874 115.0777 96.7358 86.2859 119.7652 140.4499 77.5784 0.0000 82.4643 48.6409 158.7902
156.4122 81.5106 63.7953 95.5738 84.1275 187.4298 88.1286 82.4643 0.0000 116.2539 124.3386
76.4117 69.3846 91.5389 30.8380 59.9783 50.4246 103.7370 48.6409 116.2539 0.0000 71.7789
117.6562 86.5196 40.5272 72.5248 152.8937 184.9161 92.3743 158.7902 124.3386 71.7789 0.0000
