11
0.0000 290.3044 42.6672 15.8039 43.1660 93.5137 95.5674 166.0562 142.8440 162.6548 18.5302
290.3044 0.0000 63.0321 65.2790 195.9244 375.3128 150.3272 82.5293 38.1834 75.8489 94.5567
42.6672 63.0321 0.0000 74.3077 82.0342 63.2185 79.6881 262.7655 39.6476 217.0940 73.9442
15.8039 65.2790 74.3077 0.0000 103.7952 138.7338 129.7418 184.7491 76.4174 132.8130 42.3245
43.1660 195.9244 82.0342 103.7952 0.0000 11.3143 176.1748 115.9690 23.6216 216.8849 43.8374
93.5137 375.3128 63.2185 138.7338 11.3143 0.0000 32.5067 194.5493 45.6253 116.9681 147.9106
95.5674 150.3272 79.6881 129.7418 176.1748 32.5067 0.0000 8.6200 82.3492 202.8445 263.4422
166.0562 82.5293 262.7655 184.7491 115.9690 194.5493 8.6200 0.0000 85.7925 112.8822 71.0873
142.8440 38.1834 39.6476 76.4174 23.6216 45.6253 82.3492 85.7925 0.0000 209.5123 99.8517
162.6548 75.8489 217.0940 132.8130 216.8849 116.9681 202.8445 112.8822 209.5123 0.0000 87.0394
18.5302 94.5567 73.9442 42.3245 43.8374 147.9106 263.4422 71.0873 99.8517 87.0394 0.0000
