11
0.0000 87.8883 193.8156 192.5384 2.1014 105.6526 102.0134 133.6386 165.2155 96.6365 32.2464
87.8883 0.0000 58.5703 19.6323 73.5877 126.5327 57.6377 50.0388 326.6686 176.3490 286.6922
193.8156 58.5703 0.0000 186.8778 196.3244 123.4657 114.3751 5.9282 123.6243 38.9284 196.7517
192.5384 19.6323 186.8778 0.0000 84.0693 82.7681 112.3817 136.4079 108.3544 62.6028 77.7827
2.1014 73.5877 196.3244 84.0693 0.0000 135.9270 93.4412 42.9765 125.5451 35.0009 191.6297
105.6526 126.5327 123.4657 82.7681 135.9270 0.0000 176.0982 1.8092 61.4473 13.2749 227.2810
102.0134 57.6377 114.3751 112.3817 93.4412 176.0982 0.0000 140.7316 80.6552 117.6202 139.4284
133.6386 50.0388 5.9282 136.4079 42.9765 1.8092 140.7316 0.0000 72.9012 72.5602 11.3089
165.2155 326.6686 123.6243 108.3544 125.5451 61.4473 80.6552 72.9012 0.0000 228.5044 84.3047
96.6365 176.3490 38.9284 62.6028 35.0009 13.2749 117.6202 72.5602 228.5044 0.0000 28.3070
32.2464 286.6922 196.7517 77.7827 191.6297 227.2810 139.4284 11.3089 84.3047 28.3070 0.0000
