11
0.0000 57.3910 124.4508 103.6351 62.8815 135.2408 107.5191 24.1215 89.5335 140.5986 140.6381
57.3910 0.0000 154.9795 138.5116 119.0433 146.3366 113.2272 138.7010 191.3903 141.8250 119.9050
124.4508 154.9795 0.0000 180.3816 30.9684 106.6628 93.3746 49.8915 127.4169 194.2523 11.1674
103.6351 138.5116 180.3816 0.0000 140.9438 127.1498 115.3410 184.3380 39.0987 101.4242 55.2439
62.8815 119.0433 30.9684 140.9438 0.0000 17.3549 63.7308 170.6938 194.6122 98.8639 58.3556
135.2408 146.3366 106.6628 127.1498 17.3549 0.0000 113.6853 103.6139 180.8401 81.7543 94.9527
107.5191 113.2272 93.3746 115.3410 63.7308 113.6853 0.0000 62.0727 85.4090 55.9823 69.9314
24.1215 138.7010 49.8915 184.3380 170.6938 103.6139 62.0727 0.0000 69.5327 54.8831 155.6303
89.5335 191.3903 127.4169 39.0987 194.6122 180.8401 85.4090 69.5327 0.0000 145.6120 113.5060
140.5986 141.8250 194.2523 101.4242 98.8639 81.7543 55.9823 54.8831 145.6120 0.0000 28.4451
140.6381 119.9050 11.1674 55.2439 58.3556 94.9527 69.9314 155.6303 113.5060 28.4451 0.0000
