11
0.0000 233.9628 32.6612 80.9824 39.7428 82.8923 138.3548 200.1626 69.3528 113.4914 78.8344
233.9628 0.0000 63.3715 47.7071 161.7375 139.9578 234.9140 73.4330 72.7514 198.2169 59.2292
32.6612 63.3715 0.0000 162.2379 96.9131 171.7241 195.4668 39.5465 23.9129 86.3864 127.1615
80.9824 47.7071 162.2379 0.0000 151.2153 180.5371 26.0621 132.3916 48.2989 28.9967 261.6042
39.7428 161.7375 96.9131 151.2153 0.0000 42.1964 89.7886 15.5148 74.0315 55.3079 191.1842
82.8923 139.9578 171.7241 180.5371 42.1964 0.0000 141.7572 69.3236 186.0280 64.5796 47.7259
138.3548 234.9140 195.4668 26.0621 89.7886 141.7572 0.0000 133.5623 159.4056 242.4652 170.5405
200.1626 73.4330 39.5465 132.3916 15.5148 69.3236 133.5623 0.0000 160.5480 212.5956 63.1463
69.3528 72.7514 23.9129 48.2989 74.0315 186.0280 159.4056 160.5480 0.0000 144.7235 118.5131
113.4914 198.2169 86.3864 28.9967 55.3079 64.5796 242.4652 212.5956 144.7235 0.0000 166.5525
78.8344 59.2292 127.1615 261.6042 191.1842 47.7259 170.5405 63.1463 118.5131 166.5525 0.0000
