11
0.0000 100.2891 94.8719 68.3302 141.7431 46.8340 67.8404 57.4692 104.0124 88.4462 129.3220
100.2891 0.0000 50.9582 118.4274 85.9895 93.6899 96.1561 42.1993 55.5270 86.6211 76.3414
94.8719 50.9582 0.0000 136.1410 100.8780 111.5037 132.2973 117.8241 130.6713 92.6753 95.1892
68.3302 118.4274 136.1410 0.0000 102.0940 68.5384 60.1711 110.7846 92.8521 108.4846 140.6158
141.7431 85.9895 100.8780 102.0940 0.0000 128.4900 85.3674 90.2840 84.2026 73.0270 104.2182
46.8340 93.6899 111.5037 68.5384 128.4900 0.0000 75.0885 126.8316 72.4331 84.1929 93.2355
67.8404 96.1561 132.2973 60.1711 85.3674 75.0885 0.0000 100.9289 46.8261 78.0354 83.2018
57.4692 42.1993 117.8241 110.7846 90.2840 126.8316 100.9289 0.0000 117.6395 95.2657 67.0817
104.0124 55.5270 130.6713 92.8521 84.2026 72.4331 46.8261 117.6395 0.0000 101.5170 158.7201
88.4462 86.6211 92.6753 108.4846 73.0270 84.1929 78.0354 95.2657 101.5170 0.0000 98.0699
129.3220 76.3414 95.1892 140.6158 104.2182 93.2355 83.2018 67.0817 158.7201 98.0699 0.0000
