11
0.0000 67.1891 163.0818 149.8319 140.4911 207.5596 100.2787 177.8375 201.4427 5.9737 202.5030
67.1891 0.0000 115.0314 64.1823 169.8011 32.8687 148.1172 79.4503 15.4895 132.6346 68.5579
163.0818 115.0314 0.0000 88.3757 154.7088 5.6294 167.6944 173.5010 217.9190 256.4432 36.5867
149.8319 64.1823 88.3757 0.0000 68.8390 143.2756 45.1974 32.1297 227.5166 265.5530 129.6306
140.4911 169.8011 154.7088 68.8390 0.0000 70.6377 175.6962 60.9374 39.0617 167.2482 135.8317
207.5596 32.8687 5.6294 143.2756 70.6377 0.0000 104.0572 51.4354 190.9003 113.7635 94.6407
100.2787 148.1172 167.6944 45.1974 175.6962 104.0572 0.0000 89.3198 86.9412 81.3813 176.8982
177.8375 79.4503 173.5010 32.1297 60.9374 51.4354 89.3198 0.0000 217.1663 42.6844 13.0534
201.4427 15.4895 217.9190 227.5166 39.0617 190.9003 86.9412 217.1663 0.0000 54.9571 145.0878
5.9737 132.6346 256.4432 265.5530 167.2482 113.7635 81.3813 42.6844 54.9571 0.0000 3.7944
202.5030 68.5579 36.5867 129.6306 135.8317 94.6407 176.8982 13.0534 145.0878 3.7944 0.0000
