11
0.0000 43.3151 53.9231 145.4934 83.7022 25.1113 128.9394 158.3928 128.4235 17.1563 13.7075
43.3151 0.0000 132.2544 49.9250 149.8247 8.2687 87.0972 50.0727 47.4265 125.0950 44.8177
53.9231 132.2544 0.0000 101.4339 35.2267 226.8860 110.5980 112.0650 62.9041 128.9670 111.5081
145.4934 49.9250 101.4339 0.0000 149.1196 91.9036 68.5810 60.7946 52.4517 241.6586 85.6607
83.7022 149.8247 35.2267 149.1196 0.0000 108.3322 150.5257 174.8358 131.7388 170.1665 290.4381
25.1113 8.2687 226.8860 91.9036 108.3322 0.0000 138.3361 147.6266 194.9440 114.3980 54.1525
128.9394 87.0972 110.5980 68.5810 150.5257 138.3361 0.0000 109.8631 188.3874 101.5688 40.9008
158.3928 50.0727 112.0650 60.7946 174.8358 147.6266 109.8631 0.0000 108.5315 121.5347 66.9895
128.4235 47.4265 62.9041 52.4517 131.7388 194.9440 188.3874 108.5315 0.0000 140.0426 110.2311
17.1563 125.0950 128.9670 241.6586 170.1665 114.3980 101.5688 121.5347 140.0426 0.0000 177.8317
13.7075 44.8177 111.5081 85.6607 290.4381 54.1525 40.9008 66.9895 110.2311 177.8317 0.0000
