11
0.0000 138.7861 47.5249 128.6119 127.5788 91.7478 64.2023 121.3426 94.4437 114.1987 80.2742
138.7861 0.0000 111.8651 141.5881 94.4549 133.8454 105.0096 81.3659 105.4934 121.4886 116.7480
47.5249 111.8651 0.0000 99.3296 43.7444 103.4640 119.1858 46.9369 109.5124 106.6049 108.9152
128.6119 141.5881 99.3296 0.0000 101.3291 148.0874 111.2250 139.2610 85.0523 74.2797 62.1778
127.5788 94.4549 43.7444 101.3291 0.0000 136.0759 156.9994 105.4265 179.2561 92.3909 115.3991
91.7478 133.8454 103.4640 148.0874 136.0759 0.0000 122.1276 49.6201 44.4289 115.3296 74.6097
64.2023 105.0096 119.1858 111.2250 156.9994 122.1276 0.0000 74.3757 86.3925 55.7174 57.8463
121.3426 81.3659 46.9369 139.2610 105.4265 49.6201 74.3757 0.0000 77.6793 119.3019 102.1756
94.4437 105.4934 109.5124 85.0523 179.2561 44.4289 86.3925 77.6793 0.0000 76.3673 31.4123
114.1987 121.4886 106.6049 74.2797 92.3909 115.3296 55.7174 119.3019 76.3673 0.0000 113.9653
80.2742 116.7480 108.9152 62.1778 115.3991 74.6097 57.8463 102.1756 31.4123 113.9653 0.0000
