12
0.0000 126.5673 237.5180 46.5153 90.9701 171.6163 18.0522 148.8257 174.2743 98.2845 32.0284 200.9128
126.5673 0.0000 367.1137 34.8674 269.1168 112.8886 353.0193 210.4800 140.9238 162.7527 192.1586 162.4184
237.5180 367.1137 0.0000 204.9444 106.8664 214.5552 24.3914 113.8809 50.1539 182.6988 42.0043 124.5786
46.5153 34.8674 204.9444 0.0000 216.4065 89.6732 147.2593 140.1969 7.0847 78.4849 24.8964 164.2374
90.9701 269.1168 106.8664 216.4065 0.0000 203.2986 224.5955 280.4354 26.4742 141.1696 166.5332 20.6328
171.6163 112.8886 214.5552 89.6732 203.2986 0.0000 24.5530 177.6130 194.1700 182.1860 119.1907 245.5459
18.0522 353.0193 24.3914 147.2593 224.5955 24.5530 0.0000 99.7453 81.0796 200.3242 108.5735 279.3894
148.8257 210.4800 113.8809 140.1969 280.4354 177.6130 99.7453 0.0000 110.1662 152.3139 139.0950 150.1183
174.2743 140.9238 50.1539 7.0847 26.4742 194.1700 81.0796 110.1662 0.0000 318.5825 182.0178 145.0004
98.2845 162.7527 182.6988 78.4849 141.1696 182.1860 200.3242 152.3139 318.5825 0.0000 251.8213 151.6340
32.0284 192.1586 42.0043 24.8964 166.5332 119.1907 108.5735 139.0950 182.0178 251.8213 0.0000 245.5858
200.9128 162.4184 124.5786 164.2374 20.6328 245.5459 279.3894 150.1183 145.0004 151.6340 245.5858 0.0000
