12
0.0000 118.4014 93.4971 95.7084 95.5631 104.4012 95.2886 89.4631 76.3408 108.6517 66.7628 117.4071
118.4014 0.0000 77.8002 93.3991 121.3017 94.2427 165.8234 87.0356 99.0022 99.0367 93.3542 101.6975
93.4971 77.8002 0.0000 83.6824 130.1717 97.9359 62.5361 98.6347 114.2698 109.7892 92.2690 123.1292
95.7084 93.3991 83.6824 0.0000 154.2820 70.9945 127.0426 106.8160 97.4512 91.6008 119.2254 86.5104
95.5631 121.3017 130.1717 154.2820 0.0000 101.5684 114.4982 133.6518 74.6052 60.6672 107.4664 124.0420
104.4012 94.2427 97.9359 70.9945 101.5684 0.0000 100.2960 111.5441 82.8512 118.6874 90.8067 87.1852
95.2886 165.8234 62.5361 127.0426 114.4982 100.2960 0.0000 94.7608 133.3416 91.9557 108.0666 80.9225
89.4631 87.0356 98.6347 106.8160 133.6518 111.5441 94.7608 0.0000 64.3238 60.2566 101.4148 72.4022
76.3408 99.0022 114.2698 97.4512 74.6052 82.8512 133.3416 64.3238 0.0000 80.9574 102.7963 73.1881
108.6517 99.0367 109.7892 91.6008 60.6672 118.6874 91.9557 60.2566 80.9574 0.0000 96.2281 106.9011
66.7628 93.3542 92.2690 119.2254 107.4664 90.8067 108.0666 101.4148 102.7963 96.2281 0.0000 98.2161
117.4071 101.6975 123.1292 86.5104 124.0420 87.1852 80.9225 72.4022 73.1881 106.9011 98.2161 0.0000
