12
0.0000 79.9615 25.4532 235.3257 116.6244 120.0999 65.5792 82.0563 145.3714 224.6045 39.6335 181.9101
79.9615 0.0000 84.3602 76.6350 95.6257 195.5376 97.1596 273.2575 81.5762 72.3681 34.9047 295.3619
25.4532 84.3602 0.0000 90.5725 190.4857 131.7452 110.3907 10.3759 117.7337 158.1015 22.4124 113.9157
235.3257 76.6350 90.5725 0.0000 28.7484 76.7443 149.3408 90.8703 179.5731 66.9041 3.3766 144.1617
116.6244 95.6257 190.4857 28.7484 0.0000 57.0125 65.4568 180.0392 7.3383 82.4371 70.9571 27.9875
120.0999 195.5376 131.7452 76.7443 57.0125 0.0000 66.0123 168.3911 28.1339 89.3450 134.9635 160.4200
65.5792 97.1596 110.3907 149.3408 65.4568 66.0123 0.0000 109.9986 85.0008 89.6527 78.9747 26.3976
82.0563 273.2575 10.3759 90.8703 180.0392 168.3911 109.9986 0.0000 218.5056 23.5408 18.4757 326.8412
145.3714 81.5762 117.7337 179.5731 7.3383 28.1339 85.0008 218.5056 0.0000 70.8561 169.1718 152.5698
224.6045 72.3681 158.1015 66.9041 82.4371 89.3450 89.6527 23.5408 70.8561 0.0000 120.1231 78.1701
39.6335 34.9047 22.4124 3.3766 70.9571 134.9635 78.9747 18.4757 169.1718 120.1231 0.0000 179.2355
181.9101 295.3619 113.9157 144.1617 27.9875 160.4200 26.3976 326.8412 152.5698 78.1701 179.2355 0.0000
