12
0.0000 45.4572 113.1919 106.1069 71.3797 119.4396 81.2433 120.1525 99.3314 84.3660 88.1142 72.8035
45.4572 0.0000 102.5100 112.9602 85.8690 94.2375 102.5363 72.5688 134.4437 73.9527 137.9749 69.8521
113.1919 102.5100 0.0000 107.5617 91.9281 155.3743 142.7670 87.1306 72.1642 130.7850 159.2820 159.4037
106.1069 112.9602 107.5617 0.0000 125.7881 91.5753 97.5886 137.3810 122.5574 94.2837 90.9535 105.6185
71.3797 85.8690 91.9281 125.7881 0.0000 180.6365 86.4850 115.5620 120.3018 133.0040 101.4491 82.3443
119.4396 94.2375 155.3743 91.5753 180.6365 0.0000 91.6903 166.2307 90.4104 102.7424 162.3844 91.0069
81.2433 102.5363 142.7670 97.5886 86.4850 91.6903 0.0000 107.7054 83.7396 113.1839 128.8442 100.0434
120.1525 72.5688 87.1306 137.3810 115.5620 166.2307 107.7054 0.0000 156.3942 86.0948 43.7362 92.6693
99.3314 134.4437 72.1642 122.5574 120.3018 90.4104 83.7396 156.3942 0.0000 132.6744 103.6892 81.5204
84.3660 73.9527 130.7850 94.2837 133.0040 102.7424 113.1839 86.0948 132.6744 0.0000 76.0739 70.9655
88.1142 137.9749 159.2820 90.9535 101.4491 162.3844 128.8442 43.7362 103.6892 76.0739 0.0000 95.5558
72.8035 69.8521 159.4037 105.6185 82.3443 91.0069 100.0434 92.6693 81.5204 70.9655 95.5558 0.0000
