12
0.0000 112.2704 94.4155 88.3216 95.4968 118.0366 94.9721 102.1406 88.4374 104.3078 94.0466 122.3750
112.2704 0.0000 99.9749 91.9701 88.2166 104.6690 114.8758 100.4791 101.0355 97.3142 105.1362 105.7463
94.4155 99.9749 0.0000 103.9493 116.1162 80.2674 89.6702 104.5537 90.4061 92.4654 117.4185 108.2913
88.3216 91.9701 103.9493 0.0000 82.5693 114.4385 73.6245 92.0689 107.3664 103.6539 104.8156 103.9246
95.4968 88.2166 116.1162 82.5693 0.0000 79.5179 73.5148 106.4183 103.9130 92.8609 101.4970 81.2409
118.0366 104.6690 80.2674 114.4385 79.5179 0.0000 96.2474 102.3905 89.4770 97.8962 95.6924 98.3107
94.9721 114.8758 89.6702 73.6245 73.5148 96.2474 0.0000 98.0076 112.8647 96.8273 91.5625 108.5691
102.1406 100.4791 104.5537 92.0689 106.4183 102.3905 98.0076 0.0000 101.1160 105.8899 93.2876 114.0013
88.4374 101.0355 90.4061 107.3664 103.9130 89.4770 112.8647 101.1160 0.0000 103.1670 92.5498 90.9882
104.3078 97.3142 92.4654 103.6539 92.8609 97.8962 96.8273 105.8899 103.1670 0.0000 96.3292 105.3395
94.0466 105.1362 117.4185 104.8156 101.4970 95.6924 91.5625 93.2876 92.5498 96.3292 0.0000 100.9622
122.3750 105.7463 108.2913 103.9246 81.2409 98.3107 108.5691 114.0013 90.9882 105.3395 100.9622 0.0000
