12
0.0000 109.5823 54.0925 105.6896 119.8530 27.6985 84.2541 184.3904 69.0843 52.7517 77.6299 62.2190
109.5823 0.0000 147.8248 63.8649 151.2375 106.1237 15.6683 124.3896 170.4918 172.9075 77.9668 161.8295
54.0925 147.8248 0.0000 130.0554 122.1545 133.7259 21.8017 201.8097 91.3738 76.0603 75.8485 15.6157
105.6896 63.8649 130.0554 0.0000 176.8677 193.9158 176.7907 193.5612 43.1258 87.9594 136.6397 229.6486
119.8530 151.2375 122.1545 176.8677 0.0000 11.2428 175.3690 104.8794 132.6945 146.6308 128.3092 110.5081
27.6985 106.1237 133.7259 193.9158 11.2428 0.0000 114.9666 210.0923 92.1211 34.8502 68.5244 7.2335
84.2541 15.6683 21.8017 176.7907 175.3690 114.9666 0.0000 101.2380 106.0146 110.8951 29.7681 73.5090
184.3904 124.3896 201.8097 193.5612 104.8794 210.0923 101.2380 0.0000 175.4688 153.2509 32.1092 39.7891
69.0843 170.4918 91.3738 43.1258 132.6945 92.1211 106.0146 175.4688 0.0000 16.2260 133.3745 171.4804
52.7517 172.9075 76.0603 87.9594 146.6308 34.8502 110.8951 153.2509 16.2260 0.0000 253.7098 119.7927
77.6299 77.9668 75.8485 136.6397 128.3092 68.5244 29.7681 32.1092 133.3745 253.7098 0.0000 55.5010
62.2190 161.8295 15.6157 229.6486 110.5081 7.2335 73.5090 39.7891 171.4804 119.7927 55.5010 0.0000
