12
0.0000 141.8130 150.9210 111.0994 37.1384 52.1466 143.6554 85.3319 279.1690 196.2480 71.2089 228.9640
141.8130 0.0000 42.3531 232.7436 69.2664 57.7827 231.8387 102.3880 101.5250 110.1990 89.9537 24.5561
150.9210 42.3531 0.0000 184.0985 248.4108 39.4890 161.6017 142.2716 129.2398 82.3013 124.0590 91.2988
111.0994 232.7436 184.0985 0.0000 150.4705 107.9876 237.6352 200.8214 45.6758 10.6482 12.2551 118.7808
37.1384 69.2664 248.4108 150.4705 0.0000 228.1518 17.0734 213.7814 64.9293 184.7185 337.7140 89.9212
52.1466 57.7827 39.4890 107.9876 228.1518 0.0000 257.4720 45.2292 49.9474 189.9441 246.0720 172.1260
143.6554 231.8387 161.6017 237.6352 17.0734 257.4720 0.0000 104.5418 321.2462 6.6986 177.5236 262.6462
85.3319 102.3880 142.2716 200.8214 213.7814 45.2292 104.5418 0.0000 20.6597 77.4702 141.9660 227.9317
279.1690 101.5250 129.2398 45.6758 64.9293 49.9474 321.2462 20.6597 0.0000 64.2582 38.9412 68.5421
196.2480 110.1990 82.3013 10.6482 184.7185 189.9441 6.6986 77.4702 64.2582 0.0000 215.0416 185.3492
71.2089 89.9537 124.0590 12.2551 337.7140 246.0720 177.5236 141.9660 38.9412 215.0416 0.0000 182.6095
228.9640 24.5561 91.2988 118.7808 89.9212 172.1260 262.6462 227.9317 68.5421 185.3492 182.6095 0.0000
