12
0.0000 115.4451 79.1448 89.3887 73.5780 73.0227 14.4232 56.2857 87.7264 156.3781 164.5284 76.8665
115.4451 0.0000 132.5880 194.3825 45.2996 150.9348 157.6260 208.5731 117.9174 231.1388 254.5974 250.7734
79.1448 132.5880 0.0000 93.9887 106.6483 149.3290 154.7066 191.7063 71.6291 74.3553 232.7996 191.2320
89.3887 194.3825 93.9887 0.0000 90.1637 201.5080 111.3791 148.7475 108.9085 1.8102 74.2233 224.9531
73.5780 45.2996 106.6483 90.1637 0.0000 71.6383 3.1884 143.3427 53.4350 231.9205 209.9779 158.1649
73.0227 150.9348 149.3290 201.5080 71.6383 0.0000 167.2777 271.5048 274.7411 216.3482 241.4499 284.3640
14.4232 157.6260 154.7066 111.3791 3.1884 167.2777 0.0000 46.6814 155.8099 98.7800 52.0425 99.9562
56.2857 208.5731 191.7063 148.7475 143.3427 271.5048 46.6814 0.0000 18.4419 190.1777 13.4991 142.5741
87.7264 117.9174 71.6291 108.9085 53.4350 274.7411 155.8099 18.4419 0.0000 50.9675 68.1647 85.0127
156.3781 231.1388 74.3553 1.8102 231.9205 216.3482 98.7800 190.1777 50.9675 0.0000 91.5214 80.0301
164.5284 254.5974 232.7996 74.2233 209.9779 241.4499 52.0425 13.4991 68.1647 91.5214 0.0000 136.0205
76.8665 250.7734 191.2320 224.9531 158.1649 284.3640 99.9562 142.5741 85.0127 80.0301 136.0205 0.0000
