12
0.0000 104.6441 90.0876 91.2522 103.2275 112.3244 96.4274 109.5603 120.1536 100.5419 102.2893 98.3651
104.6441 0.0000 97.0091 108.7485 111.4413 102.4046 102.4760 99.3203 109.4320 87.0844 103.7850 96.3417
90.0876 97.0091 0.0000 99.7231 109.9315 85.5552 88.9624 107.0605 105.9524 90.7688 93.3115 116.5854
91.2522 108.7485 99.7231 0.0000 94.2019 105.0382 95.9135 100.1307 96.5117 94.3198 88.1271 108.5439
103.2275 111.4413 109.9315 94.2019 0.0000 106.9625 103.9780 111.3774 116.7697 102.8938 104.0790 77.3625
112.3244 102.4046 85.5552 105.0382 106.9625 0.0000 93.0941 86.1012 97.9396 90.5689 119.9217 96.3382
96.4274 102.4760 88.9624 95.9135 103.9780 93.0941 0.0000 84.2884 95.1671 107.4866 101.4901 97.6572
109.5603 99.3203 107.0605 100.1307 111.3774 86.1012 84.2884 0.0000 87.7395 100.0426 114.2424 105.4343
120.1536 109.4320 105.9524 96.5117 116.7697 97.9396 95.1671 87.7395 0.0000 113.1825 93.3800 99.7406
100.5419 87.0844 90.7688 94.3198 102.8938 90.5689 107.4866 100.0426 113.1825 0.0000 111.9032 102.4587
102.2893 103.7850 93.3115 88.1271 104.0790 119.9217 101.4901 114.2424 93.3800 111.9032 0.0000 86.7634
98.3651 96.3417 116.5854 108.5439 77.3625 96.3382 97.6572 105.4343 99.7406 102.4587 86.7634 0.0000
