12
0.0000 262.7537 255.4855 141.9962 30.3935 25.3740 125.3539 96.1456 4.8016 111.5353 103.5607 142.3377
262.7537 0.0000 40.0659 71.9536 69.3274 145.5891 179.4180 57.2504 61.1603 77.8863 121.6120 154.1044
255.4855 40.0659 0.0000 138.8557 42.5029 76.4187 144.7423 154.6569 245.0497 105.0873 93.5899 184.1072
141.9962 71.9536 138.8557 0.0000 182.2057 134.2299 243.4888 180.2107 91.3579 56.8695 182.6071 157.1207
30.3935 69.3274 42.5029 182.2057 0.0000 158.8533 138.5297 180.9532 175.8256 179.6753 155.4986 4.1595
25.3740 145.5891 76.4187 134.2299 158.8533 0.0000 114.8446 65.0205 149.8302 186.4959 169.4298 34.8660
125.3539 179.4180 144.7423 243.4888 138.5297 114.8446 0.0000 54.7285 205.3627 133.6835 255.7929 29.8579
96.1456 57.2504 154.6569 180.2107 180.9532 65.0205 54.7285 0.0000 23.6327 153.5191 1.4542 70.9483
4.8016 61.1603 245.0497 91.3579 175.8256 149.8302 205.3627 23.6327 0.0000 168.2493 93.5232 104.0253
111.5353 77.8863 105.0873 56.8695 179.6753 186.4959 133.6835 153.5191 168.2493 0.0000 78.7509 142.9405
103.5607 121.6120 93.5899 182.6071 155.4986 169.4298 255.7929 1.4542 93.5232 78.7509 0.0000 105.2455
142.3377 154.1044 184.1072 157.1207 4.1595 34.8660 29.8579 70.9483 104.0253 142.9405 105.2455 0.0000
