12
0.0000 126.3475 79.4537 87.9889 131.9130 56.4621 116.0378 43.4092 92.1946 155.8402 92.9372 95.0644
126.3475 0.0000 132.3868 98.4438 92.7913 86.8478 109.5263 9.8343 62.0129 74.1883 120.4169 122.5868
79.4537 132.3868 0.0000 80.0438 55.9287 79.2403 69.4367 92.3148 79.4997 118.1994 73.1332 47.8622
87.9889 98.4438 80.0438 0.0000 89.4323 103.5182 75.2342 73.1334 75.8953 79.5567 90.1296 140.4869
131.9130 92.7913 55.9287 89.4323 0.0000 97.0781 89.0801 76.3857 43.7299 68.1720 59.2037 94.8512
56.4621 86.8478 79.2403 103.5182 97.0781 0.0000 49.9828 155.0478 141.2550 74.4079 22.4322 58.9829
116.0378 109.5263 69.4367 75.2342 89.0801 49.9828 0.0000 85.0349 95.5640 95.1941 65.3196 84.6471
43.4092 9.8343 92.3148 73.1334 76.3857 155.0478 85.0349 0.0000 135.7738 59.5890 50.6761 120.2920
92.1946 62.0129 79.4997 75.8953 43.7299 141.2550 95.5640 135.7738 0.0000 35.5613 115.1142 110.8091
155.8402 74.1883 118.1994 79.5567 68.1720 74.4079 95.1941 59.5890 35.5613 0.0000 130.6853 118.8045
92.9372 120.4169 73.1332 90.1296 59.2037 22.4322 65.3196 50.6761 115.1142 130.6853 0.0000 135.7462
95.0644 122.5868 47.8622 140.4869 94.8512 58.9829 84.6471 120.2920 110.8091 118.8045 135.7462 0.0000
