12
0.0000 217.3098 128.0095 183.2826 47.0220 15.8468 163.7724 84.4410 73.4508 46.1166 142.3676 51.9753
217.3098 0.0000 49.6093 142.6082 12.4427 74.4002 89.4231 51.6899 135.2642 33.7184 173.8919 253.0128
128.0095 49.6093 0.0000 79.8149 60.7372 78.7471 143.1007 139.1305 101.0633 2.5681 111.1405 112.1853
183.2826 142.6082 79.8149 0.0000 111.8064 122.4551 103.5440 149.6513 115.6428 14.6586 13.7994 90.8142
47.0220 12.4427 60.7372 111.8064 0.0000 176.2434 75.7228 141.5479 144.7218 107.5616 49.7788 167.5859
15.8468 74.4002 78.7471 122.4551 176.2434 0.0000 140.4847 90.0062 246.7218 65.6652 154.9464 84.4092
163.7724 89.4231 143.1007 103.5440 75.7228 140.4847 0.0000 162.6107 65.6792 143.3360 156.3428 73.7030
84.4410 51.6899 139.1305 149.6513 141.5479 90.0062 162.6107 0.0000 122.5548 31.7404 77.9658 64.8401
73.4508 135.2642 101.0633 115.6428 144.7218 246.7218 65.6792 122.5548 0.0000 191.1821 107.9281 93.2007
46.1166 33.7184 2.5681 14.6586 107.5616 65.6652 143.3360 31.7404 191.1821 0.0000 55.7065 10.6625
142.3676 173.8919 111.1405 13.7994 49.7788 154.9464 156.3428 77.9658 107.9281 55.7065 0.0000 200.9513
51.9753 253.0128 112.1853 90.8142 167.5859 84.4092 73.7030 64.8401 93.2007 10.6625 200.9513 0.0000
