12
0.0000 102.9295 137.6098 116.0178 114.1956 87.1000 110.8221 108.8562 88.4448 90.8268 71.5764 111.3831
102.9295 0.0000 92.0266 131.7592 75.2846 87.2422 131.0016 95.0007 93.7302 93.7343 112.7980 82.3461
137.6098 92.0266 0.0000 84.5238 84.0869 78.1287 75.1620 65.1892 76.8977 133.8861 117.0560 99.2246
116.0178 131.7592 84.5238 0.0000 109.6393 107.4842 113.0837 67.2918 127.4582 87.8457 89.7705 103.8663
114.1956 75.2846 84.0869 109.6393 0.0000 98.8032 88.5375 77.5790 126.5338 86.4627 77.8161 106.2331
87.1000 87.2422 78.1287 107.4842 98.8032 0.0000 93.6009 97.9437 91.9758 92.8267 90.8390 103.3171
110.8221 131.0016 75.1620 113.0837 88.5375 93.6009 0.0000 103.2129 104.2637 127.4176 88.0520 68.8895
108.8562 95.0007 65.1892 67.2918 77.5790 97.9437 103.2129 0.0000 113.9692 132.9504 90.5898 124.1017
88.4448 93.7302 76.8977 127.4582 126.5338 91.9758 104.2637 113.9692 0.0000 126.0263 98.9631 95.1698
90.8268 93.7343 133.8861 87.8457 86.4627 92.8267 127.4176 132.9504 126.0263 0.0000 93.7773 77.1925
71.5764 112.7980 117.0560 89.7705 77.8161 90.8390 88.0520 90.5898 98.9631 93.7773 0.0000 87.0237
111.3831 82.3461 99.2246 103.8663 106.2331 103.3171 68.8895 124.1017 95.1698 77.1925 87.0237 0.0000
