12
0.0000 0.9110 166.9281 199.0867 219.3028 121.2355 133.4774 10.4367 153.8903 149.9649 78.9734 95.4538
0.9110 0.0000 82.5286 64.8819 58.3133 134.9116 21.4215 84.8912 14.9894 148.5624 104.1735 36.4880
166.9281 82.5286 0.0000 179.7987 78.7144 50.3966 74.6197 65.9266 137.1333 133.1830 171.2271 88.1194
199.0867 64.8819 179.7987 0.0000 90.2559 64.2478 123.8261 105.6751 116.5989 47.9976 137.0111 109.1000
219.3028 58.3133 78.7144 90.2559 0.0000 34.2252 105.6499 129.5881 15.4310 121.4606 169.4984 50.2226
121.2355 134.9116 50.3966 64.2478 34.2252 0.0000 145.9662 176.9391 62.2832 139.6919 46.3465 102.9896
133.4774 21.4215 74.6197 123.8261 105.6499 145.9662 0.0000 21.9330 107.7078 80.3749 94.6511 139.3743
10.4367 84.8912 65.9266 105.6751 129.5881 176.9391 21.9330 0.0000 72.8457 68.0513 56.6338 103.8941
153.8903 14.9894 137.1333 116.5989 15.4310 62.2832 107.7078 72.8457 0.0000 118.1878 100.0535 52.1353
149.9649 148.5624 133.1830 47.9976 121.4606 139.6919 80.3749 68.0513 118.1878 0.0000 101.6496 110.2073
78.9734 104.1735 171.2271 137.0111 169.4984 46.3465 94.6511 56.6338 100.0535 101.6496 0.0000 154.8490
95.4538 36.4880 88.1194 109.1000 50.2226 102.9896 139.3743 103.8941 52.1353 110.2073 154.8490 0.0000
