12
0.0000 94.3462 71.4785 124.8851 91.0687 101.3559 93.4559 191.7597 128.1380 82.1363 129.9057 75.4160
94.3462 0.0000 97.8899 106.8516 157.3957 74.7801 84.1763 107.1256 143.6807 96.0973 97.2142 55.5429
71.4785 97.8899 0.0000 99.4819 128.9599 130.5879 93.3888 95.9673 158.2874 73.6834 128.7848 61.0644
124.8851 106.8516 99.4819 0.0000 90.1551 134.2991 106.4915 62.9085 133.6942 125.7983 49.2725 136.3052
91.0687 157.3957 128.9599 90.1551 0.0000 96.0655 136.5813 52.6998 59.5244 180.8148 227.3705 126.1609
101.3559 74.7801 130.5879 134.2991 96.0655 0.0000 71.6211 40.0033 112.5775 111.7683 74.6180 93.5670
93.4559 84.1763 93.3888 106.4915 136.5813 71.6211 0.0000 122.2655 155.3710 105.4310 159.1096 129.9166
191.7597 107.1256 95.9673 62.9085 52.6998 40.0033 122.2655 0.0000 84.8955 78.2357 102.3858 114.2735
128.1380 143.6807 158.2874 133.6942 59.5244 112.5775 155.3710 84.8955 0.0000 120.7743 86.9459 146.2802
82.1363 96.0973 73.6834 125.7983 180.8148 111.7683 105.4310 78.2357 120.7743 0.0000 35.6302 36.9008
129.9057 97.2142 128.7848 49.2725 227.3705 74.6180 159.1096 102.3858 86.9459 35.6302 0.0000 116.7328
75.4160 55.5429 61.0644 136.3052 126.1609 93.5670 129.9166 114.2735 146.2802 36.9008 116.7328 0.0000
