12
0.0000 113.3602 134.3825 25.2474 131.9833 199.0190 233.6743 49.2171 146.7873 121.8978 64.2187 216.9894
113.3602 0.0000 131.8741 230.7169 105.3127 98.7438 207.4964 62.6893 116.8389 99.2959 55.3014 184.6844
134.3825 131.8741 0.0000 157.1297 77.9369 177.3167 29.0404 152.0923 89.0995 99.8851 46.0196 62.4866
25.2474 230.7169 157.1297 0.0000 124.3897 188.0225 49.9884 50.6698 30.1514 37.9895 102.3536 84.5869
131.9833 105.3127 77.9369 124.3897 0.0000 229.6034 63.4311 59.4658 94.5849 113.8156 122.8571 223.8265
199.0190 98.7438 177.3167 188.0225 229.6034 0.0000 107.7883 140.0545 95.9769 26.5983 27.9836 87.6625
233.6743 207.4964 29.0404 49.9884 63.4311 107.7883 0.0000 209.1201 184.3158 100.9534 155.0551 90.4421
49.2171 62.6893 152.0923 50.6698 59.4658 140.0545 209.1201 0.0000 132.8984 128.8808 80.9767 48.2594
146.7873 116.8389 89.0995 30.1514 94.5849 95.9769 184.3158 132.8984 0.0000 219.0403 117.9292 76.7521
121.8978 99.2959 99.8851 37.9895 113.8156 26.5983 100.9534 128.8808 219.0403 0.0000 138.4597 61.8333
64.2187 55.3014 46.0196 102.3536 122.8571 27.9836 155.0551 80.9767 117.9292 138.4597 0.0000 101.6084
216.9894 184.6844 62.4866 84.5869 223.8265 87.6625 90.4421 48.2594 76.7521 61.8333 101.6084 0.0000
