12
0.0000 50.6966 221.9045 218.6493 145.7560 242.7420 104.6847 106.7173 352.2876 112.5133 186.9799 193.1711
50.6966 0.0000 150.5417 98.4197 139.6537 296.7546 142.2122 70.4099 120.5098 135.6281 285.5250 7.0270
221.9045 150.5417 0.0000 110.5493 10.5899 241.5242 95.4160 79.4028 168.7242 76.4416 12.9104 143.7072
218.6493 98.4197 110.5493 0.0000 221.8009 55.5664 202.2021 186.5457 94.1820 176.3337 18.2268 90.0287
145.7560 139.6537 10.5899 221.8009 0.0000 201.8138 131.7918 33.1351 240.5188 92.1836 79.4045 259.6291
242.7420 296.7546 241.5242 55.5664 201.8138 0.0000 179.3117 245.0597 130.1866 167.3880 60.3571 51.7510
104.6847 142.2122 95.4160 202.2021 131.7918 179.3117 0.0000 168.1305 69.8093 200.6145 54.6294 85.4353
106.7173 70.4099 79.4028 186.5457 33.1351 245.0597 168.1305 0.0000 64.5934 49.0043 40.2206 168.0269
352.2876 120.5098 168.7242 94.1820 240.5188 130.1866 69.8093 64.5934 0.0000 4.0922 139.4580 7.0338
112.5133 135.6281 76.4416 176.3337 92.1836 167.3880 200.6145 49.0043 4.0922 0.0000 85.3124 5.7194
186.9799 285.5250 12.9104 18.2268 79.4045 60.3571 54.6294 40.2206 139.4580 85.3124 0.0000 172.8178
193.1711 7.0270 143.7072 90.0287 259.6291 51.7510 85.4353 168.0269 7.0338 5.7194 172.8178 0.0000
