12
0.0000 14.8609 153.6337 134.5010 169.6787 117.3127 100.1379 99.8747 68.0492 282.3366 121.0454 229.7725
14.8609 0.0000 49.7563 75.9768 213.9730 194.2337 53.5838 54.0456 50.4096 144.4715 171.2224 9.5626
153.6337 49.7563 0.0000 31.1115 79.7652 27.7460 55.9787 150.0345 232.4751 245.8715 119.5722 204.3272
134.5010 75.9768 31.1115 0.0000 223.3671 1.2794 90.0260 8.6139 256.1592 149.2960 36.0097 315.7118
169.6787 213.9730 79.7652 223.3671 0.0000 214.5266 192.9935 117.4462 170.3269 190.9435 117.9131 159.6366
117.3127 194.2337 27.7460 1.2794 214.5266 0.0000 98.0077 150.9172 19.5158 186.4238 148.5379 66.5181
100.1379 53.5838 55.9787 90.0260 192.9935 98.0077 0.0000 94.6839 125.1537 290.9171 228.7255 249.4748
99.8747 54.0456 150.0345 8.6139 117.4462 150.9172 94.6839 0.0000 179.3371 197.8600 97.9640 426.5982
68.0492 50.4096 232.4751 256.1592 170.3269 19.5158 125.1537 179.3371 0.0000 298.1119 42.8776 147.5448
282.3366 144.4715 245.8715 149.2960 190.9435 186.4238 290.9171 197.8600 298.1119 0.0000 93.7162 2.1136
121.0454 171.2224 119.5722 36.0097 117.9131 148.5379 228.7255 97.9640 42.8776 93.7162 0.0000 151.7673
229.7725 9.5626 204.3272 315.7118 159.6366 66.5181 249.4748 426.5982 147.5448 2.1136 151.7673 0.0000
