12
0.0000 180.1884 109.5500 75.5094 183.5743 163.8174 42.6417 97.8344 186.7848 133.9593 64.9806 160.4052
180.1884 0.0000 331.4777 22.1587 303.5160 121.4960 199.0640 324.5135 4.1400 193.2447 21.4102 295.3908
109.5500 331.4777 0.0000 299.4902 184.8025 351.1377 215.5690 97.7772 228.4615 95.4641 10.1766 205.8479
75.5094 22.1587 299.4902 0.0000 156.0210 5.1642 324.2512 49.2080 95.6138 0.7749 128.6155 73.8133
183.5743 303.5160 184.8025 156.0210 0.0000 227.9077 59.0269 39.3580 179.1663 227.3162 228.1173 197.3480
163.8174 121.4960 351.1377 5.1642 227.9077 0.0000 155.4637 116.7718 179.4216 215.8796 71.4910 170.7229
42.6417 199.0640 215.5690 324.2512 59.0269 155.4637 0.0000 204.7352 145.1023 94.5713 111.5749 161.0278
97.8344 324.5135 97.7772 49.2080 39.3580 116.7718 204.7352 0.0000 60.2913 46.0081 38.4551 126.5527
186.7848 4.1400 228.4615 95.6138 179.1663 179.4216 145.1023 60.2913 0.0000 150.7524 92.3239 224.4078
133.9593 193.2447 95.4641 0.7749 227.3162 215.8796 94.5713 46.0081 150.7524 0.0000 20.8009 234.2089
64.9806 21.4102 10.1766 128.6155 228.1173 71.4910 111.5749 38.4551 92.3239 20.8009 0.0000 135.4912
160.4052 295.3908 205.8479 73.8133 197.3480 170.7229 161.0278 126.5527 224.4078 234.2089 135.4912 0.0000
