12
0.0000 94.3423 24.3137 62.4800 252.9583 191.0679 156.0858 109.2522 118.9157 136.3984 116.1436 175.1483
94.3423 0.0000 246.6623 220.3535 29.3328 112.4234 64.8963 98.3630 114.9377 190.0282 78.7659 124.1715
24.3137 246.6623 0.0000 245.1881 111.0428 154.9333 20.7754 190.5407 249.2936 193.3291 74.4780 112.3008
62.4800 220.3535 245.1881 0.0000 142.8195 276.6463 125.2914 115.9967 69.7719 191.0961 245.2722 54.5963
252.9583 29.3328 111.0428 142.8195 0.0000 72.6267 73.4360 104.7341 172.4848 68.5920 61.3690 138.4367
191.0679 112.4234 154.9333 276.6463 72.6267 0.0000 194.1335 110.5729 28.9841 99.7020 190.3425 145.3741
156.0858 64.8963 20.7754 125.2914 73.4360 194.1335 0.0000 204.4618 57.6416 74.7500 275.4777 262.1776
109.2522 98.3630 190.5407 115.9967 104.7341 110.5729 204.4618 0.0000 151.5416 127.4429 71.1430 56.8819
118.9157 114.9377 249.2936 69.7719 172.4848 28.9841 57.6416 151.5416 0.0000 123.2345 240.3973 45.2905
136.3984 190.0282 193.3291 191.0961 68.5920 99.7020 74.7500 127.4429 123.2345 0.0000 77.5876 174.2452
116.1436 78.7659 74.4780 245.2722 61.3690 190.3425 275.4777 71.1430 240.3973 77.5876 0.0000 209.8032
175.1483 124.1715 112.3008 54.5963 138.4367 145.3741 262.1776 56.8819 45.2905 174.2452 209.8032 0.0000
