12
0.0000 82.8843 92.8023 35.0777 214.5754 112.1884 146.5512 115.9370 100.3310 87.3481 191.4824 56.8171
82.8843 0.0000 132.2975 87.7866 100.5332 79.8455 123.3934 17.2162 140.5056 119.1360 188.4942 130.8968
92.8023 132.2975 0.0000 131.0976 6.9167 100.1285 181.4487 5.8931 65.8982 185.1979 65.4482 25.3870
35.0777 87.7866 131.0976 0.0000 156.0709 27.1258 125.7515 177.8689 180.4435 120.5712 69.7208 245.5059
214.5754 100.5332 6.9167 156.0709 0.0000 70.8415 55.3725 220.3853 21.3146 126.4549 89.6751 153.6044
112.1884 79.8455 100.1285 27.1258 70.8415 0.0000 111.3277 18.1736 140.6168 107.4284 46.9813 195.1701
146.5512 123.3934 181.4487 125.7515 55.3725 111.3277 0.0000 69.6107 7.0808 59.9742 189.2666 118.7019
115.9370 17.2162 5.8931 177.8689 220.3853 18.1736 69.6107 0.0000 109.7763 193.6860 46.8957 42.2261
100.3310 140.5056 65.8982 180.4435 21.3146 140.6168 7.0808 109.7763 0.0000 22.3243 96.4896 80.5922
87.3481 119.1360 185.1979 120.5712 126.4549 107.4284 59.9742 193.6860 22.3243 0.0000 160.7103 28.2451
191.4824 188.4942 65.4482 69.7208 89.6751 46.9813 189.2666 46.8957 96.4896 160.7103 0.0000 39.1493
56.8171 130.8968 25.3870 245.5059 153.6044 195.1701 118.7019 42.2261 80.5922 28.2451 39.1493 0.0000
