12
0.0000 99.7943 164.0434 5.7676 162.6493 73.9739 266.2126 150.5993 154.9644 86.1159 118.8997 302.4810
99.7943 0.0000 156.4004 120.0888 152.8119 147.5621 165.1408 133.3679 198.4309 288.7825 152.6541 271.1919
164.0434 156.4004 0.0000 209.0686 273.7635 195.5958 79.2788 50.7508 181.0101 188.2524 124.6616 228.8251
5.7676 120.0888 209.0686 0.0000 10.8437 200.1952 61.6179 27.6727 118.8008 181.2581 84.9775 55.7186
162.6493 152.8119 273.7635 10.8437 0.0000 40.7116 8.1517 17.2600 149.7958 70.2395 133.4581 34.3186
73.9739 147.5621 195.5958 200.1952 40.7116 0.0000 154.5268 222.9723 19.0085 190.3183 186.2861 179.5071
266.2126 165.1408 79.2788 61.6179 8.1517 154.5268 0.0000 86.5455 95.3773 197.8063 115.8780 58.7235
150.5993 133.3679 50.7508 27.6727 17.2600 222.9723 86.5455 0.0000 222.6447 126.0343 102.4078 30.2247
154.9644 198.4309 181.0101 118.8008 149.7958 19.0085 95.3773 222.6447 0.0000 164.6253 37.1958 94.7282
86.1159 288.7825 188.2524 181.2581 70.2395 190.3183 197.8063 126.0343 164.6253 0.0000 42.4176 50.6541
118.8997 152.6541 124.6616 84.9775 133.4581 186.2861 115.8780 102.4078 37.1958 42.4176 0.0000 20.9276
302.4810 271.1919 228.8251 55.7186 34.3186 179.5071 58.7235 30.2247 94.7282 50.6541 20.9276 0.0000
