12
0.0000 90.4749 49.7391 84.5902 84.1339 77.2168 121.8336 80.4122 94.8407 132.7498 56.1523 113.4468
90.4749 0.0000 50.3128 116.4963 148.9124 125.4831 85.0707 124.3787 97.8284 101.9666 53.0164 124.5685
49.7391 50.3128 0.0000 91.2723 70.2455 128.4231 97.4296 55.8726 59.2581 109.1386 111.6551 86.0594
84.5902 116.4963 91.2723 0.0000 92.8587 109.6429 68.6359 93.2576 35.3147 96.7797 111.8323 87.5570
84.1339 148.9124 70.2455 92.8587 0.0000 68.6278 70.1711 107.2110 135.4221 120.1504 110.9834 68.8442
77.2168 125.4831 128.4231 109.6429 68.6278 0.0000 122.2598 96.0387 104.4664 139.3811 77.1987 137.8410
121.8336 85.0707 97.4296 68.6359 70.1711 122.2598 0.0000 111.7405 87.2848 95.9215 77.5711 98.9808
80.4122 124.3787 55.8726 93.2576 107.2110 96.0387 111.7405 0.0000 144.2161 34.2905 74.3734 92.6229
94.8407 97.8284 59.2581 35.3147 135.4221 104.4664 87.2848 144.2161 0.0000 160.3847 89.9492 82.1094
132.7498 101.9666 109.1386 96.7797 120.1504 139.3811 95.9215 34.2905 160.3847 0.0000 80.2905 107.3263
56.1523 53.0164 111.6551 111.8323 110.9834 77.1987 77.5711 74.3734 89.9492 80.2905 0.0000 101.9759
113.4468 124.5685 86.0594 87.5570 68.8442 137.8410 98.9808 92.6229 82.1094 107.3263 101.9759 0.0000
