12
0.0000 180.2639 123.7557 26.8165 127.6057 198.2976 144.1832 48.3235 123.9209 80.6515 77.3129 241.6249
180.2639 0.0000 130.8053 241.2221 85.3788 54.0692 109.9457 185.5162 71.3494 150.3472 128.0555 99.2079
123.7557 130.8053 0.0000 138.0424 2.7963 87.8598 132.6476 201.9425 151.1376 122.1235 144.4317 172.3667
26.8165 241.2221 138.0424 0.0000 123.0049 205.1054 85.4469 150.1766 113.7148 28.7713 29.9692 37.8680
127.6057 85.3788 2.7963 123.0049 0.0000 84.2803 105.8201 124.6517 77.1378 109.1785 136.5959 5.6840
198.2976 54.0692 87.8598 205.1054 84.2803 0.0000 162.8816 155.0663 216.0544 41.3001 49.5766 167.5101
144.1832 109.9457 132.6476 85.4469 105.8201 162.8816 0.0000 127.7871 246.9398 137.2174 99.6598 140.7570
48.3235 185.5162 201.9425 150.1766 124.6517 155.0663 127.7871 0.0000 127.0973 33.9030 50.5689 55.7865
123.9209 71.3494 151.1376 113.7148 77.1378 216.0544 246.9398 127.0973 0.0000 109.8426 60.5890 140.6302
80.6515 150.3472 122.1235 28.7713 109.1785 41.3001 137.2174 33.9030 109.8426 0.0000 86.2351 30.2045
77.3129 128.0555 144.4317 29.9692 136.5959 49.5766 99.6598 50.5689 60.5890 86.2351 0.0000 204.2745
241.6249 99.2079 172.3667 37.8680 5.6840 167.5101 140.7570 55.7865 140.6302 30.2045 204.2745 0.0000
