12
0.0000 190.6134 127.0352 61.4985 142.1849 115.4730 120.2837 106.4346 153.2025 86.3225 66.5618 67.0618
190.6134 0.0000 55.0885 106.1325 158.2669 63.0559 101.9873 52.7154 186.8188 120.2590 26.4824 131.9843
127.0352 55.0885 0.0000 195.2642 11.6723 57.9486 157.2252 189.1301 127.9438 131.1144 150.5698 34.5212
61.4985 106.1325 195.2642 0.0000 66.0281 140.7140 104.9208 142.4564 211.3430 133.5247 81.7189 79.5537
142.1849 158.2669 11.6723 66.0281 0.0000 88.0418 179.8453 61.4046 14.5495 115.5237 211.7591 120.6744
115.4730 63.0559 57.9486 140.7140 88.0418 0.0000 66.6217 117.6727 68.4783 66.4066 14.9723 136.6491
120.2837 101.9873 157.2252 104.9208 179.8453 66.6217 0.0000 139.2656 35.7553 102.0930 10.3772 146.7564
106.4346 52.7154 189.1301 142.4564 61.4046 117.6727 139.2656 0.0000 231.9909 138.9110 72.0307 143.7630
153.2025 186.8188 127.9438 211.3430 14.5495 68.4783 35.7553 231.9909 0.0000 151.8735 61.3785 93.9037
86.3225 120.2590 131.1144 133.5247 115.5237 66.4066 102.0930 138.9110 151.8735 0.0000 101.7675 100.4917
66.5618 26.4824 150.5698 81.7189 211.7591 14.9723 10.3772 72.0307 61.3785 101.7675 0.0000 100.7886
67.0618 131.9843 34.5212 79.5537 120.6744 136.6491 146.7564 143.7630 93.9037 100.4917 100.7886 0.0000
