12
0.0000 29.9569 91.0888 139.2533 100.2511 22.2972 54.6782 144.8259 135.6316 168.9967 73.4313 145.9419
29.9569 0.0000 187.9038 105.2144 143.3024 79.1031 159.0184 38.5001 104.8188 175.9538 242.9278 128.0764
91.0888 187.9038 0.0000 32.5687 15.0709 54.9117 79.9866 66.2422 172.0462 145.1590 149.4172 156.5834
139.2533 105.2144 32.5687 0.0000 169.8567 201.7340 186.8366 179.6864 150.7595 54.8482 91.4935 92.1949
100.2511 143.3024 15.0709 169.8567 0.0000 135.8498 117.4138 111.2220 37.8793 95.1346 126.9424 131.7606
22.2972 79.1031 54.9117 201.7340 135.8498 0.0000 104.1599 241.3305 32.1405 50.9114 62.3974 143.9718
54.6782 159.0184 79.9866 186.8366 117.4138 104.1599 0.0000 208.4478 115.2986 100.2298 126.8091 79.2075
144.8259 38.5001 66.2422 179.6864 111.2220 241.3305 208.4478 0.0000 124.5765 69.4121 38.7068 113.8409
135.6316 104.8188 172.0462 150.7595 37.8793 32.1405 115.2986 124.5765 0.0000 129.5507 141.7328 114.9397
168.9967 175.9538 145.1590 54.8482 95.1346 50.9114 100.2298 69.4121 129.5507 0.0000 109.8876 180.7098
73.4313 242.9278 149.4172 91.4935 126.9424 62.3974 126.8091 38.7068 141.7328 109.8876 0.0000 88.0088
145.9419 128.0764 156.5834 92.1949 131.7606 143.9718 79.2075 113.8409 114.9397 180.7098 88.0088 0.0000
