12
0.0000 99.1190 53.4607 128.0274 29.8808 57.7435 80.5000 8.0039 171.8325 40.4336 46.1071 122.0190
99.1190 0.0000 123.1067 142.5324 177.3443 140.8917 75.6306 74.4440 107.5069 148.9434 110.8110 79.2335
53.4607 123.1067 0.0000 168.2023 187.2087 115.0238 124.0495 121.6418 50.3140 152.1731 111.8994 109.2643
128.0274 142.5324 168.2023 0.0000 137.7683 14.2023 138.2604 83.7950 152.7646 112.0414 155.8384 45.0912
29.8808 177.3443 187.2087 137.7683 0.0000 114.7275 105.8822 69.5022 65.7642 73.1460 1.7411 113.9122
57.7435 140.8917 115.0238 14.2023 114.7275 0.0000 259.7548 146.4705 102.9171 124.2456 79.3832 85.3751
80.5000 75.6306 124.0495 138.2604 105.8822 259.7548 0.0000 14.5363 56.6166 133.5460 14.8183 141.9267
8.0039 74.4440 121.6418 83.7950 69.5022 146.4705 14.5363 0.0000 20.3652 6.0243 103.7509 25.2195
171.8325 107.5069 50.3140 152.7646 65.7642 102.9171 56.6166 20.3652 0.0000 153.1490 149.6990 159.3821
40.4336 148.9434 152.1731 112.0414 73.1460 124.2456 133.5460 6.0243 153.1490 0.0000 37.0898 124.6659
46.1071 110.8110 111.8994 155.8384 1.7411 79.3832 14.8183 103.7509 149.6990 37.0898 0.0000 87.8364
122.0190 79.2335 109.2643 45.0912 113.9122 85.3751 141.9267 25.2195 159.3821 124.6659 87.8364 0.0000
