12
0.0000 43.1043 178.4501 108.5576 91.9542 109.9135 106.8051 77.6007 44.3057 51.8476 132.3468 4.5788
43.1043 0.0000 103.8397 110.9770 74.5768 67.4098 78.9846 101.8508 123.0462 126.3959 105.0299 87.3635
178.4501 103.8397 0.0000 26.3207 67.9118 33.9667 96.3364 110.9306 98.9635 81.9511 115.5285 114.3487
108.5576 110.9770 26.3207 0.0000 90.8821 137.9003 84.0208 162.8722 198.4258 143.3789 63.4847 1.3689
91.9542 74.5768 67.9118 90.8821 0.0000 131.9972 135.3502 124.2388 105.1596 152.1021 73.2916 103.5912
109.9135 67.4098 33.9667 137.9003 131.9972 0.0000 78.2536 125.2458 85.9216 161.5706 95.8537 147.9267
106.8051 78.9846 96.3364 84.0208 135.3502 78.2536 0.0000 92.1288 143.9040 137.7421 171.3033 75.2404
77.6007 101.8508 110.9306 162.8722 124.2388 125.2458 92.1288 0.0000 129.4109 155.3664 86.6101 116.6137
44.3057 123.0462 98.9635 198.4258 105.1596 85.9216 143.9040 129.4109 0.0000 10.6511 149.0858 100.6155
51.8476 126.3959 81.9511 143.3789 152.1021 161.5706 137.7421 155.3664 10.6511 0.0000 106.7124 143.4346
132.3468 105.0299 115.5285 63.4847 73.2916 95.8537 171.3033 86.6101 149.0858 106.7124 0.0000 106.1988
4.5788 87.3635 114.3487 1.3689 103.5912 147.9267 75.2404 116.6137 100.6155 143.4346 106.1988 0.0000
