12
0.0000 94.0637 94.3797 104.9624 86.5619 73.5975 119.8139 81.5247 132.5512 110.6915 117.8881 110.5133
94.0637 0.0000 50.9629 72.3165 97.8369 110.2071 95.7250 94.0469 92.2922 112.6715 79.3033 102.3058
94.3797 50.9629 0.0000 115.1552 103.5679 83.6759 113.9273 105.3859 93.7956 65.7956 126.2776 78.7504
104.9624 72.3165 115.1552 0.0000 106.5651 94.9819 110.5550 96.8253 112.4745 112.0904 108.2871 131.5892
86.5619 97.8369 103.5679 106.5651 0.0000 108.5639 76.9615 91.6206 106.4686 115.9248 96.6804 135.4078
73.5975 110.2071 83.6759 94.9819 108.5639 0.0000 104.2090 106.6641 74.8687 82.2923 91.8084 83.5304
119.8139 95.7250 113.9273 110.5550 76.9615 104.2090 0.0000 111.7939 144.8586 106.3984 120.5676 153.0373
81.5247 94.0469 105.3859 96.8253 91.6206 106.6641 111.7939 0.0000 97.7147 80.9536 124.0516 107.3664
132.5512 92.2922 93.7956 112.4745 106.4686 74.8687 144.8586 97.7147 0.0000 139.2600 106.0450 158.8841
110.6915 112.6715 65.7956 112.0904 115.9248 82.2923 106.3984 80.9536 139.2600 0.0000 103.7839 90.1224
117.8881 79.3033 126.2776 108.2871 96.6804 91.8084 120.5676 124.0516 106.0450 103.7839 0.0000 82.2882
110.5133 102.3058 78.7504 131.5892 135.4078 83.5304 153.0373 107.3664 158.8841 90.1224 82.2882 0.0000
