12
0.0000 28.5706 175.3437 182.5343 250.1547 170.0149 124.6712 3.6369 147.8264 127.7023 28.7008 199.4709
28.5706 0.0000 187.3697 15.4611 52.6741 109.8829 15.0094 147.5286 169.6495 52.9572 240.9334 3.9078
175.3437 187.3697 0.0000 146.0311 165.6580 105.4327 58.5504 165.8121 131.6110 124.4979 187.8690 154.7996
182.5343 15.4611 146.0311 0.0000 104.3669 91.2004 35.8306 97.6923 12.6588 185.5559 23.6270 167.9371
250.1547 52.6741 165.6580 104.3669 0.0000 112.6795 107.1782 219.9218 224.7868 92.2563 133.2867 118.6823
170.0149 109.8829 105.4327 91.2004 112.6795 0.0000 41.9987 125.1268 221.5894 142.5246 108.0260 137.5295
124.6712 15.0094 58.5504 35.8306 107.1782 41.9987 0.0000 78.3390 262.6834 115.0233 62.1280 122.4411
3.6369 147.5286 165.8121 97.6923 219.9218 125.1268 78.3390 0.0000 52.4440 185.5814 164.5070 125.0188
147.8264 169.6495 131.6110 12.6588 224.7868 221.5894 262.6834 52.4440 0.0000 137.3649 239.2229 170.0746
127.7023 52.9572 124.4979 185.5559 92.2563 142.5246 115.0233 185.5814 137.3649 0.0000 70.9322 28.3096
28.7008 240.9334 187.8690 23.6270 133.2867 108.0260 62.1280 164.5070 239.2229 70.9322 0.0000 29.3000
199.4709 3.9078 154.7996 167.9371 118.6823 137.5295 122.4411 125.0188 170.0746 28.3096 29.3000 0.0000
