13
0.0000 110.6703 113.4895 64.6368 156.7285 126.8699 77.9454 156.9400 149.8877 6.6923 142.9525 102.9416 96.8082
110.6703 0.0000 33.7119 37.2857 102.2339 184.2971 203.3146 58.5476 58.4772 52.5285 126.1524 75.1090 38.8419
113.4895 33.7119 0.0000 75.9087 132.2136 103.3609 114.1977 63.7970 92.4412 144.3946 111.2879 148.2223 32.2721
64.6368 37.2857 75.9087 0.0000 156.7754 142.1302 171.2172 49.4259 127.7728 105.8669 47.5691 122.5492 61.8251
156.7285 102.2339 132.2136 156.7754 0.0000 170.4795 132.6479 36.6691 81.3755 244.3191 41.2455 114.4125 161.4436
126.8699 184.2971 103.3609 142.1302 170.4795 0.0000 185.6938 93.7470 35.1718 74.5316 102.0796 214.0121 184.0725
77.9454 203.3146 114.1977 171.2172 132.6479 185.6938 0.0000 32.2116 73.8735 260.0039 216.6050 32.4466 136.8897
156.9400 58.5476 63.7970 49.4259 36.6691 93.7470 32.2116 0.0000 112.7502 175.1632 16.2010 133.4934 142.1074
149.8877 58.4772 92.4412 127.7728 81.3755 35.1718 73.8735 112.7502 0.0000 124.3862 120.6831 122.0330 172.8596
6.6923 52.5285 144.3946 105.8669 244.3191 74.5316 260.0039 175.1632 124.3862 0.0000 52.4948 101.0502 103.0529
142.9525 126.1524 111.2879 47.5691 41.2455 102.0796 216.6050 16.2010 120.6831 52.4948 0.0000 121.5409 54.7135
102.9416 75.1090 148.2223 122.5492 114.4125 214.0121 32.4466 133.4934 122.0330 101.0502 121.5409 0.0000 81.4982
96.8082 38.8419 32.2721 61.8251 161.4436 184.0725 136.8897 142.1074 172.8596 103.0529 54.7135 81.4982 0.0000
