13
0.0000 95.4016 123.7654 106.9292 100.3064 86.0550 89.9942 108.4500 100.3789 126.5093 87.1614 106.3676 95.3868
95.4016 0.0000 79.3565 94.7216 98.2179 88.2663 122.5048 110.0844 115.4763 96.7101 102.5659 80.0231 99.7031
123.7654 79.3565 0.0000 98.5284 78.8686 103.3106 100.3423 91.1338 96.5687 111.4307 83.1719 101.9930 93.2239
106.9292 94.7216 98.5284 0.0000 105.6565 112.0570 111.7805 88.2108 98.4558 88.9146 83.0152 103.2343 102.1541
100.3064 98.2179 78.8686 105.6565 0.0000 91.8153 101.8391 112.7728 96.2899 106.4363 99.4838 91.2597 102.9093
86.0550 88.2663 103.3106 112.0570 91.8153 0.0000 119.9940 107.6718 106.9366 94.2500 88.8533 113.9271 105.0929
89.9942 122.5048 100.3423 111.7805 101.8391 119.9940 0.0000 99.4420 128.6702 113.5473 99.1719 88.5976 104.0085
108.4500 110.0844 91.1338 88.2108 112.7728 107.6718 99.4420 0.0000 104.9101 91.4969 109.7023 115.3341 86.4695
100.3789 115.4763 96.5687 98.4558 96.2899 106.9366 128.6702 104.9101 0.0000 91.2864 102.4921 115.5853 88.6626
126.5093 96.7101 111.4307 88.9146 106.4363 94.2500 113.5473 91.4969 91.2864 0.0000 108.7793 94.9509 101.8775
87.1614 102.5659 83.1719 83.0152 99.4838 88.8533 99.1719 109.7023 102.4921 108.7793 0.0000 98.4203 93.7559
106.3676 80.0231 101.9930 103.2343 91.2597 113.9271 88.5976 115.3341 115.5853 94.9509 98.4203 0.0000 98.3121
95.3868 99.7031 93.2239 102.1541 102.9093 105.0929 104.0085 86.4695 88.6626 101.8775 93.7559 98.3121 0.0000
