13
0.0000 32.2192 86.4963 180.6371 91.2658 76.7666 162.2984 74.7212 62.8134 81.4763 132.7586 76.6711 98.2499
32.2192 0.0000 76.3963 210.8459 69.1897 178.8533 84.4665 103.5505 144.8991 57.7982 166.1739 108.8032 39.3201
86.4963 76.3963 0.0000 170.9889 170.2807 53.0463 139.1475 119.2139 240.7225 142.4720 202.3744 150.0827 262.2848
180.6371 210.8459 170.9889 0.0000 17.7108 285.8467 202.3680 144.4246 105.7052 214.7297 137.7091 0.7837 217.1988
91.2658 69.1897 170.2807 17.7108 0.0000 80.5232 30.8200 173.6782 168.9029 197.7115 134.3208 277.5572 240.0664
76.7666 178.8533 53.0463 285.8467 80.5232 0.0000 155.4009 136.5668 106.6247 63.9532 180.4910 84.1304 123.8943
162.2984 84.4665 139.1475 202.3680 30.8200 155.4009 0.0000 184.6740 85.0799 47.4296 95.0230 16.4124 78.0551
74.7212 103.5505 119.2139 144.4246 173.6782 136.5668 184.6740 0.0000 129.5073 63.6875 194.2812 247.5568 30.2397
62.8134 144.8991 240.7225 105.7052 168.9029 106.6247 85.0799 129.5073 0.0000 165.0478 200.4372 200.8796 153.6329
81.4763 57.7982 142.4720 214.7297 197.7115 63.9532 47.4296 63.6875 165.0478 0.0000 11.3531 46.7793 204.1464
132.7586 166.1739 202.3744 137.7091 134.3208 180.4910 95.0230 194.2812 200.4372 11.3531 0.0000 205.5335 163.6134
76.6711 108.8032 150.0827 0.7837 277.5572 84.1304 16.4124 247.5568 200.8796 46.7793 205.5335 0.0000 105.4210
98.2499 39.3201 262.2848 217.1988 240.0664 123.8943 78.0551 30.2397 153.6329 204.1464 163.6134 105.4210 0.0000
