13
0.0000 98.3318 93.2971 170.1612 38.1860 188.4457 168.8699 15.5988 7.0986 171.7875 78.1757 89.0799 180.1026
98.3318 0.0000 157.7177 148.6429 183.7165 257.3217 155.7624 109.1311 213.2406 111.3317 99.0189 187.9852 223.6953
93.2971 157.7177 0.0000 195.2620 129.4843 62.4108 100.8839 19.6714 127.1956 45.0723 295.8772 144.0714 132.9783
170.1612 148.6429 195.2620 0.0000 103.1214 180.4105 70.9992 140.8290 16.9223 163.3386 137.1176 150.0997 21.5384
38.1860 183.7165 129.4843 103.1214 0.0000 153.4010 62.8530 137.7367 212.0879 165.3285 96.8458 81.4877 167.8369
188.4457 257.3217 62.4108 180.4105 153.4010 0.0000 98.7598 85.8616 16.2828 155.7506 59.6723 4.2725 190.4342
168.8699 155.7624 100.8839 70.9992 62.8530 98.7598 0.0000 35.8999 56.4925 57.6314 165.2417 220.1390 105.1905
15.5988 109.1311 19.6714 140.8290 137.7367 85.8616 35.8999 0.0000 188.8543 33.7501 12.7141 140.9710 66.0272
7.0986 213.2406 127.1956 16.9223 212.0879 16.2828 56.4925 188.8543 0.0000 119.8687 90.9321 209.3905 12.6581
171.7875 111.3317 45.0723 163.3386 165.3285 155.7506 57.6314 33.7501 119.8687 0.0000 132.6286 119.4764 78.2814
78.1757 99.0189 295.8772 137.1176 96.8458 59.6723 165.2417 12.7141 90.9321 132.6286 0.0000 72.7423 88.9375
89.0799 187.9852 144.0714 150.0997 81.4877 4.2725 220.1390 140.9710 209.3905 119.4764 72.7423 0.0000 118.2802
180.1026 223.6953 132.9783 21.5384 167.8369 190.4342 105.1905 66.0272 12.6581 78.2814 88.9375 118.2802 0.0000
