13
0.0000 80.0783 96.3661 85.0586 138.9119 99.0903 105.7385 121.9662 121.3744 103.9210 110.6792 133.1718 105.9141
80.0783 0.0000 115.8326 107.7988 55.4783 112.9279 86.6590 56.6749 104.7927 88.2199 136.3998 87.3340 110.4039
96.3661 115.8326 0.0000 98.9545 116.0380 137.7367 136.6433 110.9166 130.9832 75.2940 126.6023 66.7724 88.8162
85.0586 107.7988 98.9545 0.0000 47.8822 107.2647 103.8130 75.4518 131.8637 65.0899 61.9755 98.9928 133.4295
138.9119 55.4783 116.0380 47.8822 0.0000 78.5321 131.0608 93.1100 96.9469 131.7597 144.3513 113.2259 86.2812
99.0903 112.9279 137.7367 107.2647 78.5321 0.0000 82.8156 92.6992 76.2402 99.8217 93.4050 157.0567 130.6855
105.7385 86.6590 136.6433 103.8130 131.0608 82.8156 0.0000 136.3750 163.6993 38.9213 138.7087 100.5584 90.5102
121.9662 56.6749 110.9166 75.4518 93.1100 92.6992 136.3750 0.0000 134.9789 103.0355 113.9127 101.6525 82.7532
121.3744 104.7927 130.9832 131.8637 96.9469 76.2402 163.6993 134.9789 0.0000 84.1495 98.4031 95.7492 146.1066
103.9210 88.2199 75.2940 65.0899 131.7597 99.8217 38.9213 103.0355 84.1495 0.0000 73.3306 124.6784 102.6691
110.6792 136.3998 126.6023 61.9755 144.3513 93.4050 138.7087 113.9127 98.4031 73.3306 0.0000 82.5252 75.9145
133.1718 87.3340 66.7724 98.9928 113.2259 157.0567 100.5584 101.6525 95.7492 124.6784 82.5252 0.0000 146.0428
105.9141 110.4039 88.8162 133.4295 86.2812 130.6855 90.5102 82.7532 146.1066 102.6691 75.9145 146.0428 0.0000
