13
0.0000 128.2795 114.7901 197.6300 394.6149 167.4833 114.1930 64.9467 7.8016 2.6959 219.8843 58.5508 120.9187
128.2795 0.0000 52.9770 163.4348 208.5553 65.0300 10.3659 258.0469 83.1001 14.9918 251.6716 216.1037 23.0882
114.7901 52.9770 0.0000 154.6550 224.7004 178.0094 119.6985 83.8657 45.1843 119.0769 94.2300 77.7953 155.0212
197.6300 163.4348 154.6550 0.0000 172.1833 155.2942 112.1616 176.8881 232.7969 102.0757 70.6174 90.7095 199.3950
394.6149 208.5553 224.7004 172.1833 0.0000 211.6181 23.4470 6.3922 38.2936 33.0481 212.4004 201.4261 244.6412
167.4833 65.0300 178.0094 155.2942 211.6181 0.0000 53.2344 178.6842 235.0858 145.5122 144.8309 72.4435 262.7357
114.1930 10.3659 119.6985 112.1616 23.4470 53.2344 0.0000 84.8622 102.9268 151.1389 168.4852 169.8837 35.3492
64.9467 258.0469 83.8657 176.8881 6.3922 178.6842 84.8622 0.0000 41.3926 61.3550 257.3960 14.3028 59.5924
7.8016 83.1001 45.1843 232.7969 38.2936 235.0858 102.9268 41.3926 0.0000 78.1821 265.7835 77.9140 127.9324
2.6959 14.9918 119.0769 102.0757 33.0481 145.5122 151.1389 61.3550 78.1821 0.0000 156.4845 124.0330 123.7387
219.8843 251.6716 94.2300 70.6174 212.4004 144.8309 168.4852 257.3960 265.7835 156.4845 0.0000 86.7474 62.1397
58.5508 216.1037 77.7953 90.7095 201.4261 72.4435 169.8837 14.3028 77.9140 124.0330 86.7474 0.0000 213.3592
120.9187 23.0882 155.0212 199.3950 244.6412 262.7357 35.3492 59.5924 127.9324 123.7387 62.1397 213.3592 0.0000
