13
0.0000 102.7802 118.1463 2.6015 231.0176 28.9866 80.1192 132.1516 107.5219 95.1389 127.6956 125.1664 28.9431
102.7802 0.0000 71.9517 76.2482 82.0658 135.2251 157.9599 132.0964 153.4596 112.0589 48.1166 109.2582 26.2477
118.1463 71.9517 0.0000 119.0071 89.5575 83.7481 71.1190 128.5017 58.1332 90.3871 0.9708 196.7659 109.5932
2.6015 76.2482 119.0071 0.0000 117.3051 105.5105 48.8495 56.4772 117.2621 59.9052 136.1481 77.4013 158.0581
231.0176 82.0658 89.5575 117.3051 0.0000 99.1520 221.6164 107.7492 74.0411 193.5235 86.3292 228.5779 175.7234
28.9866 135.2251 83.7481 105.5105 99.1520 0.0000 38.0631 66.2873 11.5459 68.6422 120.3243 107.0374 79.5572
80.1192 157.9599 71.1190 48.8495 221.6164 38.0631 0.0000 94.1181 104.9618 26.8226 190.3667 129.5335 71.9959
132.1516 132.0964 128.5017 56.4772 107.7492 66.2873 94.1181 0.0000 79.5326 123.6142 133.1149 151.6650 154.1690
107.5219 153.4596 58.1332 117.2621 74.0411 11.5459 104.9618 79.5326 0.0000 179.5015 175.7798 89.0786 76.1868
95.1389 112.0589 90.3871 59.9052 193.5235 68.6422 26.8226 123.6142 179.5015 0.0000 64.7767 175.5633 86.8117
127.6956 48.1166 0.9708 136.1481 86.3292 120.3243 190.3667 133.1149 175.7798 64.7767 0.0000 245.6648 157.9791
125.1664 109.2582 196.7659 77.4013 228.5779 107.0374 129.5335 151.6650 89.0786 175.5633 245.6648 0.0000 140.5767
28.9431 26.2477 109.5932 158.0581 175.7234 79.5572 71.9959 154.1690 76.1868 86.8117 157.9791 140.5767 0.0000
