13
0.0000 139.7455 50.4025 81.5681 46.8936 96.6712 93.4894 25.5446 150.0285 107.2568 117.5118 89.9101 40.8921
139.7455 0.0000 178.9561 140.1357 73.1752 132.9757 100.3004 133.6539 67.6350 117.9014 166.2979 100.8174 138.7080
50.4025 178.9561 0.0000 97.9412 135.7462 113.9670 111.5122 115.5910 16.2673 181.4408 112.0855 50.0797 95.4556
81.5681 140.1357 97.9412 0.0000 110.9717 78.1925 53.3331 57.8546 15.5353 36.6019 73.9761 78.8224 122.7005
46.8936 73.1752 135.7462 110.9717 0.0000 102.9464 153.4106 106.3870 40.3914 61.4780 69.1019 144.4684 13.6611
96.6712 132.9757 113.9670 78.1925 102.9464 0.0000 46.5986 107.5753 90.8442 47.6074 93.0879 160.5608 10.3732
93.4894 100.3004 111.5122 53.3331 153.4106 46.5986 0.0000 139.5890 53.6302 67.7026 106.5670 126.9979 115.8937
25.5446 133.6539 115.5910 57.8546 106.3870 107.5753 139.5890 0.0000 97.9449 163.0142 132.4431 137.9408 61.9617
150.0285 67.6350 16.2673 15.5353 40.3914 90.8442 53.6302 97.9449 0.0000 93.5852 174.3049 113.0150 40.9351
107.2568 117.9014 181.4408 36.6019 61.4780 47.6074 67.7026 163.0142 93.5852 0.0000 149.0333 41.7100 141.9602
117.5118 166.2979 112.0855 73.9761 69.1019 93.0879 106.5670 132.4431 174.3049 149.0333 0.0000 112.5202 128.1198
89.9101 100.8174 50.0797 78.8224 144.4684 160.5608 126.9979 137.9408 113.0150 41.7100 112.5202 0.0000 106.2824
40.8921 138.7080 95.4556 122.7005 13.6611 10.3732 115.8937 61.9617 40.9351 141.9602 128.1198 106.2824 0.0000
