13
0.0000 181.8210 19.1875 135.7445 99.6963 163.4147 239.1927 170.0757 135.7403 165.7176 79.6549 227.3786 40.4778
181.8210 0.0000 108.4142 244.7996 130.0600 111.4598 174.8698 221.0195 160.1362 188.9334 178.1087 278.4504 196.3714
19.1875 108.4142 0.0000 113.5101 116.4470 122.5614 170.5293 127.3934 47.1014 58.0251 80.3417 135.6434 27.8167
135.7445 244.7996 113.5101 0.0000 58.7473 143.4571 30.0054 92.3717 98.0690 116.4578 129.1846 11.3510 121.6628
99.6963 130.0600 116.4470 58.7473 0.0000 88.9728 67.8051 33.7497 166.0398 261.4824 81.4136 55.6454 155.2151
163.4147 111.4598 122.5614 143.4571 88.9728 0.0000 115.6686 150.9684 91.6033 117.4388 42.1853 35.9321 121.4147
239.1927 174.8698 170.5293 30.0054 67.8051 115.6686 0.0000 110.9947 203.0905 188.5550 74.1239 155.2539 7.2693
170.0757 221.0195 127.3934 92.3717 33.7497 150.9684 110.9947 0.0000 109.6638 69.9928 156.4778 171.4090 116.8146
135.7403 160.1362 47.1014 98.0690 166.0398 91.6033 203.0905 109.6638 0.0000 126.1135 55.5471 164.0560 72.2289
165.7176 188.9334 58.0251 116.4578 261.4824 117.4388 188.5550 69.9928 126.1135 0.0000 57.5308 90.0113 10.7778
79.6549 178.1087 80.3417 129.1846 81.4136 42.1853 74.1239 156.4778 55.5471 57.5308 0.0000 31.2144 10.6517
227.3786 278.4504 135.6434 11.3510 55.6454 35.9321 155.2539 171.4090 164.0560 90.0113 31.2144 0.0000 92.0965
40.4778 196.3714 27.8167 121.6628 155.2151 121.4147 7.2693 116.8146 72.2289 10.7778 10.6517 92.0965 0.0000
