13
0.0000 50.6773 84.3070 101.1903 109.4257 113.3215 79.0905 84.0695 66.9338 132.7605 101.9532 128.0237 108.2502
50.6773 0.0000 119.7966 87.2016 128.4470 127.2027 143.8505 111.7647 54.7755 53.9270 92.3892 77.5081 72.3273
84.3070 119.7966 0.0000 77.3084 101.0094 109.3184 66.2056 129.2453 49.5246 100.2535 128.1645 106.5984 88.4899
101.1903 87.2016 77.3084 0.0000 84.0099 78.4977 109.3991 93.0833 126.4658 114.1297 118.9472 80.2697 122.4348
109.4257 128.4470 101.0094 84.0099 0.0000 73.5550 34.1590 87.1892 80.9896 117.9734 66.2426 130.7840 132.4250
113.3215 127.2027 109.3184 78.4977 73.5550 0.0000 85.3175 109.5725 82.9920 113.2932 101.4360 100.8830 102.9496
79.0905 143.8505 66.2056 109.3991 34.1590 85.3175 0.0000 95.4904 78.1231 114.7904 61.8658 89.3789 101.6851
84.0695 111.7647 129.2453 93.0833 87.1892 109.5725 95.4904 0.0000 74.7706 126.2867 124.2719 95.6924 93.6390
66.9338 54.7755 49.5246 126.4658 80.9896 82.9920 78.1231 74.7706 0.0000 74.5556 90.1483 39.2168 113.0362
132.7605 53.9270 100.2535 114.1297 117.9734 113.2932 114.7904 126.2867 74.5556 0.0000 76.4850 95.6493 98.6600
101.9532 92.3892 128.1645 118.9472 66.2426 101.4360 61.8658 124.2719 90.1483 76.4850 0.0000 97.1715 105.6912
128.0237 77.5081 106.5984 80.2697 130.7840 100.8830 89.3789 95.6924 39.2168 95.6493 97.1715 0.0000 94.7019
108.2502 72.3273 88.4899 122.4348 132.4250 102.9496 101.6851 93.6390 113.0362 98.6600 105.6912 94.7019 0.0000
