13
0.0000 75.2377 123.7389 58.3336 76.6644 112.0241 137.7762 64.5930 31.3479 112.2516 48.0618 67.4620 197.4731
75.2377 0.0000 121.8411 156.7818 131.5162 58.3301 64.4645 6.7222 77.6638 96.7720 110.9680 134.0895 129.2270
123.7389 121.8411 0.0000 32.5219 85.4059 193.3467 43.2790 61.2355 108.7097 37.5245 194.1118 53.0852 124.6046
58.3336 156.7818 32.5219 0.0000 151.2523 209.6017 65.6180 121.3671 127.8479 17.4417 98.3668 110.8812 66.6990
76.6644 131.5162 85.4059 151.2523 0.0000 233.9619 162.7461 105.0998 64.9704 231.8643 138.8982 140.2030 61.7295
112.0241 58.3301 193.3467 209.6017 233.9619 0.0000 79.3963 126.8884 61.8675 178.8329 46.3643 48.6200 3.0494
137.7762 64.4645 43.2790 65.6180 162.7461 79.3963 0.0000 181.6121 146.9741 101.9533 124.1029 149.0767 144.2302
64.5930 6.7222 61.2355 121.3671 105.0998 126.8884 181.6121 0.0000 6.1819 27.2512 77.9175 124.8867 40.6981
31.3479 77.6638 108.7097 127.8479 64.9704 61.8675 146.9741 6.1819 0.0000 221.2692 136.4423 67.3756 64.9303
112.2516 96.7720 37.5245 17.4417 231.8643 178.8329 101.9533 27.2512 221.2692 0.0000 21.8429 135.6575 188.4199
48.0618 110.9680 194.1118 98.3668 138.8982 46.3643 124.1029 77.9175 136.4423 21.8429 0.0000 6.6391 99.9436
67.4620 134.0895 53.0852 110.8812 140.2030 48.6200 149.0767 124.8867 67.3756 135.6575 6.6391 0.0000 61.9697
197.4731 129.2270 124.6046 66.6990 61.7295 3.0494 144.2302 40.6981 64.9303 188.4199 99.9436 61.9697 0.0000
