13
0.0000 169.5896 114.6219 78.4133 123.1903 104.1208 97.4216 127.3369 82.2364 116.5091 110.7516 83.8919 59.2958
169.5896 0.0000 40.4976 43.9682 123.0161 102.4617 86.8327 81.7979 50.8710 87.2872 59.7186 95.6127 85.3771
114.6219 40.4976 0.0000 96.7894 68.7252 65.4685 122.9717 196.1089 225.8852 63.2821 105.7139 47.6884 110.5050
78.4133 43.9682 96.7894 0.0000 153.8917 117.8674 118.1055 95.9778 40.8031 125.7790 71.2837 122.2532 124.4461
123.1903 123.0161 68.7252 153.8917 0.0000 172.9248 65.3694 58.2366 96.7102 172.0510 98.0445 93.4705 53.9584
104.1208 102.4617 65.4685 117.8674 172.9248 0.0000 123.0264 43.0249 117.9131 72.7702 145.4068 110.3154 126.4958
97.4216 86.8327 122.9717 118.1055 65.3694 123.0264 0.0000 80.6977 201.6859 123.3618 73.0188 134.8925 63.2264
127.3369 81.7979 196.1089 95.9778 58.2366 43.0249 80.6977 0.0000 107.0698 114.1787 66.6723 184.7732 118.6395
82.2364 50.8710 225.8852 40.8031 96.7102 117.9131 201.6859 107.0698 0.0000 75.0682 47.0754 80.0003 128.3236
116.5091 87.2872 63.2821 125.7790 172.0510 72.7702 123.3618 114.1787 75.0682 0.0000 114.0347 120.4116 125.0769
110.7516 59.7186 105.7139 71.2837 98.0445 145.4068 73.0188 66.6723 47.0754 114.0347 0.0000 92.1430 141.8349
83.8919 95.6127 47.6884 122.2532 93.4705 110.3154 134.8925 184.7732 80.0003 120.4116 92.1430 0.0000 24.5060
59.2958 85.3771 110.5050 124.4461 53.9584 126.4958 63.2264 118.6395 128.3236 125.0769 141.8349 24.5060 0.0000
