13
0.0000 88.6191 78.8311 116.6395 107.9046 81.8286 86.9643 86.8937 106.4381 93.2252 100.0681 99.5644 109.2700
88.6191 0.0000 114.7173 103.8624 96.0340 109.1715 81.9451 86.4923 126.6485 89.0943 95.0218 95.3017 101.1690
78.8311 114.7173 0.0000 95.8127 113.9202 116.1730 104.6053 112.5591 89.2717 101.8053 104.0465 119.1707 114.8408
116.6395 103.8624 95.8127 0.0000 100.7284 111.1262 74.0381 111.0739 121.5242 96.7365 102.5931 109.5992 112.2122
107.9046 96.0340 113.9202 100.7284 0.0000 98.0709 106.0012 105.1105 92.6675 89.0623 113.5952 119.2775 120.3272
81.8286 109.1715 116.1730 111.1262 98.0709 0.0000 105.8944 93.8980 98.7617 101.7774 98.8124 99.5628 76.3855
86.9643 81.9451 104.6053 74.0381 106.0012 105.8944 0.0000 112.0448 106.5512 87.3147 88.5332 103.8928 99.2591
86.8937 86.4923 112.5591 111.0739 105.1105 93.8980 112.0448 0.0000 102.5803 104.9081 102.3835 112.4939 103.9657
106.4381 126.6485 89.2717 121.5242 92.6675 98.7617 106.5512 102.5803 0.0000 107.7067 95.4944 87.1089 111.9088
93.2252 89.0943 101.8053 96.7365 89.0623 101.7774 87.3147 104.9081 107.7067 0.0000 99.2292 87.9026 73.7919
100.0681 95.0218 104.0465 102.5931 113.5952 98.8124 88.5332 102.3835 95.4944 99.2292 0.0000 87.1573 100.6845
99.5644 95.3017 119.1707 109.5992 119.2775 99.5628 103.8928 112.4939 87.1089 87.9026 87.1573 0.0000 108.6505
109.2700 101.1690 114.8408 112.2122 120.3272 76.3855 99.2591 103.9657 111.9088 73.7919 100.6845 108.6505 0.0000
