13
0.0000 86.9799 99.8387 109.1727 91.9807 93.7062 93.9150 91.9948 90.7078 83.4435 88.4138 91.4235 129.8826
86.9799 0.0000 82.3391 83.7716 99.3445 81.8224 95.0915 74.7807 82.7373 89.1915 82.4396 105.6992 115.1834
99.8387 82.3391 0.0000 74.5872 141.7212 81.0422 106.4191 119.9662 114.4032 89.5571 104.6010 91.2006 117.4196
109.1727 83.7716 74.5872 0.0000 119.8939 73.5085 103.1096 77.6443 117.8236 88.1219 91.5264 118.1291 124.3958
91.9807 99.3445 141.7212 119.8939 0.0000 98.7730 107.8070 85.5274 84.3408 125.3318 111.8541 94.1091 110.1871
93.7062 81.8224 81.0422 73.5085 98.7730 0.0000 143.4522 105.7337 122.5272 93.0548 112.1303 118.2295 77.8938
93.9150 95.0915 106.4191 103.1096 107.8070 143.4522 0.0000 85.7862 106.0413 106.6520 121.0119 90.4086 98.5786
91.9948 74.7807 119.9662 77.6443 85.5274 105.7337 85.7862 0.0000 111.8751 84.4906 119.8054 104.5978 82.4569
90.7078 82.7373 114.4032 117.8236 84.3408 122.5272 106.0413 111.8751 0.0000 132.7745 117.0501 117.1140 103.8755
83.4435 89.1915 89.5571 88.1219 125.3318 93.0548 106.6520 84.4906 132.7745 0.0000 89.1635 122.6226 107.9854
88.4138 82.4396 104.6010 91.5264 111.8541 112.1303 121.0119 119.8054 117.0501 89.1635 0.0000 125.1366 90.1908
91.4235 105.6992 91.2006 118.1291 94.1091 118.2295 90.4086 104.5978 117.1140 122.6226 125.1366 0.0000 86.3981
129.8826 115.1834 117.4196 124.3958 110.1871 77.8938 98.5786 82.4569 103.8755 107.9854 90.1908 86.3981 0.0000
