13
0.0000 205.3062 135.6985 209.8276 142.8673 129.7517 30.7323 177.9965 85.1278 41.4889 115.1178 243.9554 108.7117
205.3062 0.0000 161.2985 179.6847 146.8070 168.8237 28.2688 190.9042 36.4929 201.0235 18.2090 56.7849 157.1343
135.6985 161.2985 0.0000 23.8436 54.0425 141.9788 146.0132 162.4042 181.0083 191.2194 44.3868 54.1330 70.3803
209.8276 179.6847 23.8436 0.0000 142.0844 142.7263 115.4945 176.0827 45.6787 89.8639 207.8446 98.8875 91.9059
142.8673 146.8070 54.0425 142.0844 0.0000 0.8984 62.8960 154.3038 160.1262 214.9977 169.0660 125.8836 61.6841
129.7517 168.8237 141.9788 142.7263 0.8984 0.0000 51.4393 40.0131 213.1249 150.1168 75.5482 211.8393 301.5649
30.7323 28.2688 146.0132 115.4945 62.8960 51.4393 0.0000 273.9365 78.6042 190.5223 83.9833 88.8559 123.6593
177.9965 190.9042 162.4042 176.0827 154.3038 40.0131 273.9365 0.0000 52.0329 139.8768 138.4901 150.1778 66.8183
85.1278 36.4929 181.0083 45.6787 160.1262 213.1249 78.6042 52.0329 0.0000 211.7285 216.1616 127.2237 120.0800
41.4889 201.0235 191.2194 89.8639 214.9977 150.1168 190.5223 139.8768 211.7285 0.0000 206.0638 69.9972 84.0546
115.1178 18.2090 44.3868 207.8446 169.0660 75.5482 83.9833 138.4901 216.1616 206.0638 0.0000 29.7077 9.1054
243.9554 56.7849 54.1330 98.8875 125.8836 211.8393 88.8559 150.1778 127.2237 69.9972 29.7077 0.0000 100.0980
108.7117 157.1343 70.3803 91.9059 61.6841 301.5649 123.6593 66.8183 120.0800 84.0546 9.1054 100.0980 0.0000
