13
0.0000 266.6100 13.3627 178.9347 75.5311 289.6783 154.0307 292.4428 73.7211 31.9327 96.1732 49.6495 191.8429
266.6100 0.0000 176.6995 58.0225 96.2885 209.4897 81.4644 108.3282 84.5545 287.7762 118.8310 115.1345 15.6963
13.3627 176.6995 0.0000 118.3981 213.5585 214.2667 124.4508 12.1812 120.2795 210.5268 83.5939 103.5956 122.2731
178.9347 58.0225 118.3981 0.0000 273.3566 228.1398 112.0283 289.0246 51.5107 101.8185 25.3827 91.8413 53.7631
75.5311 96.2885 213.5585 273.3566 0.0000 323.4316 70.6333 187.7581 246.6146 55.5927 137.6379 172.0244 78.5281
289.6783 209.4897 214.2667 228.1398 323.4316 0.0000 375.5512 99.5546 136.3365 76.3108 64.2984 123.4217 186.7726
154.0307 81.4644 124.4508 112.0283 70.6333 375.5512 0.0000 267.0504 213.7221 68.5747 98.6156 289.7266 18.8508
292.4428 108.3282 12.1812 289.0246 187.7581 99.5546 267.0504 0.0000 147.6404 107.0471 194.8892 128.5774 10.6082
73.7211 84.5545 120.2795 51.5107 246.6146 136.3365 213.7221 147.6404 0.0000 174.0276 110.8051 58.7322 46.8792
31.9327 287.7762 210.5268 101.8185 55.5927 76.3108 68.5747 107.0471 174.0276 0.0000 151.7822 66.9289 132.6546
96.1732 118.8310 83.5939 25.3827 137.6379 64.2984 98.6156 194.8892 110.8051 151.7822 0.0000 176.5154 217.5738
49.6495 115.1345 103.5956 91.8413 172.0244 123.4217 289.7266 128.5774 58.7322 66.9289 176.5154 0.0000 195.4913
191.8429 15.6963 122.2731 53.7631 78.5281 186.7726 18.8508 10.6082 46.8792 132.6546 217.5738 195.4913 0.0000
