13
0.0000 312.1660 21.1644 123.4448 158.3712 130.4171 120.2650 66.1240 56.1641 59.9151 31.8930 126.2357 262.5511
312.1660 0.0000 176.4866 1.3147 185.6031 60.8080 30.6708 202.6668 96.9648 171.4706 238.9179 38.1172 147.4857
21.1644 176.4866 0.0000 45.0844 177.2364 202.7861 42.2250 96.8611 165.0652 167.8631 199.9103 106.4385 161.2690
123.4448 1.3147 45.0844 0.0000 212.1003 148.0670 11.5551 4.2233 24.7157 32.6060 307.6609 101.5661 16.7397
158.3712 185.6031 177.2364 212.1003 0.0000 70.1136 163.6091 24.9706 126.7696 62.8676 144.5776 124.5721 59.2200
130.4171 60.8080 202.7861 148.0670 70.1136 0.0000 80.5623 145.2790 190.5362 4.7207 170.7862 46.7280 93.4776
120.2650 30.6708 42.2250 11.5551 163.6091 80.5623 0.0000 322.4080 22.4326 114.2497 26.0540 86.4029 163.6590
66.1240 202.6668 96.8611 4.2233 24.9706 145.2790 322.4080 0.0000 101.7942 250.4688 150.5285 2.4267 129.6432
56.1641 96.9648 165.0652 24.7157 126.7696 190.5362 22.4326 101.7942 0.0000 175.4969 97.9029 121.3106 96.7553
59.9151 171.4706 167.8631 32.6060 62.8676 4.7207 114.2497 250.4688 175.4969 0.0000 193.5325 160.2599 44.1406
31.8930 238.9179 199.9103 307.6609 144.5776 170.7862 26.0540 150.5285 97.9029 193.5325 0.0000 176.6170 159.0697
126.2357 38.1172 106.4385 101.5661 124.5721 46.7280 86.4029 2.4267 121.3106 160.2599 176.6170 0.0000 170.0309
262.5511 147.4857 161.2690 16.7397 59.2200 93.4776 163.6590 129.6432 96.7553 44.1406 159.0697 170.0309 0.0000
