13
0.0000 8.3081 162.8335 70.6278 88.6165 222.5171 257.8329 175.3254 283.3369 122.7768 88.6820 33.6452 19.9962
8.3081 0.0000 105.9902 153.8455 1.0151 100.6377 224.5870 92.6888 182.6159 160.9787 87.1459 202.2170 293.0630
162.8335 105.9902 0.0000 97.7127 183.8357 119.4884 247.0978 230.7290 210.3591 61.8001 114.5883 44.7657 78.1981
70.6278 153.8455 97.7127 0.0000 30.3014 178.8623 11.4360 25.1051 245.7620 15.0601 191.6113 143.6358 75.5253
88.6165 1.0151 183.8357 30.3014 0.0000 190.3843 178.8272 159.4532 79.1104 144.0983 165.2628 130.2964 90.2380
222.5171 100.6377 119.4884 178.8623 190.3843 0.0000 99.4098 8.2901 9.6443 11.7511 282.6668 66.4610 127.0388
257.8329 224.5870 247.0978 11.4360 178.8272 99.4098 0.0000 85.1433 128.4844 21.5986 97.2546 244.8276 118.1026
175.3254 92.6888 230.7290 25.1051 159.4532 8.2901 85.1433 0.0000 295.4147 155.7543 139.5020 67.0811 111.6026
283.3369 182.6159 210.3591 245.7620 79.1104 9.6443 128.4844 295.4147 0.0000 95.7560 227.5867 190.0622 5.5242
122.7768 160.9787 61.8001 15.0601 144.0983 11.7511 21.5986 155.7543 95.7560 0.0000 148.4535 105.9549 170.4635
88.6820 87.1459 114.5883 191.6113 165.2628 282.6668 97.2546 139.5020 227.5867 148.4535 0.0000 180.3519 255.1823
33.6452 202.2170 44.7657 143.6358 130.2964 66.4610 244.8276 67.0811 190.0622 105.9549 180.3519 0.0000 196.8187
19.9962 293.0630 78.1981 75.5253 90.2380 127.0388 118.1026 111.6026 5.5242 170.4635 255.1823 196.8187 0.0000
