13
0.0000 200.3614 169.7731 61.7216 200.5441 48.4797 13.1793 81.1494 104.0119 160.6921 69.8109 85.8749 218.6717
200.3614 0.0000 219.9999 46.7537 301.2515 50.5751 125.3801 177.0984 43.0286 161.3022 294.3971 144.2104 158.2198
169.7731 219.9999 0.0000 71.9322 44.9859 199.8269 35.9499 157.5230 86.7775 25.8400 104.2816 103.5010 68.1948
61.7216 46.7537 71.9322 0.0000 108.3218 140.0899 60.8862 173.9547 241.5358 117.9776 112.4468 234.9908 57.9888
200.5441 301.2515 44.9859 108.3218 0.0000 138.0503 158.2833 188.6762 146.6274 187.0074 103.1057 59.7103 13.8487
48.4797 50.5751 199.8269 140.0899 138.0503 0.0000 288.0360 51.3049 117.0590 174.7951 56.7673 10.7531 26.3281
13.1793 125.3801 35.9499 60.8862 158.2833 288.0360 0.0000 108.9140 206.5506 260.0002 35.3032 27.9271 64.2048
81.1494 177.0984 157.5230 173.9547 188.6762 51.3049 108.9140 0.0000 242.9895 74.4165 39.8682 187.5642 290.3795
104.0119 43.0286 86.7775 241.5358 146.6274 117.0590 206.5506 242.9895 0.0000 185.9564 288.7554 31.3665 122.3183
160.6921 161.3022 25.8400 117.9776 187.0074 174.7951 260.0002 74.4165 185.9564 0.0000 146.5923 10.7858 150.8797
69.8109 294.3971 104.2816 112.4468 103.1057 56.7673 35.3032 39.8682 288.7554 146.5923 0.0000 50.3914 32.4694
85.8749 144.2104 103.5010 234.9908 59.7103 10.7531 27.9271 187.5642 31.3665 10.7858 50.3914 0.0000 216.3123
218.6717 158.2198 68.1948 57.9888 13.8487 26.3281 64.2048 290.3795 122.3183 150.8797 32.4694 216.3123 0.0000
