13
0.0000 115.0117 114.3090 79.3207 80.1747 106.2917 98.9805 117.5290 94.9321 98.4650 98.3941 80.3644 109.1059
115.0117 0.0000 130.2264 126.6463 131.4849 104.6779 102.5600 104.9237 83.2975 97.3997 100.5580 103.5109 72.6281
114.3090 130.2264 0.0000 76.7636 102.6296 116.1697 128.3512 128.4275 69.1828 123.2331 97.4110 94.9584 96.8096
79.3207 126.6463 76.7636 0.0000 92.2283 116.4273 124.5695 106.0562 87.3155 82.0444 92.9863 102.9747 85.3552
80.1747 131.4849 102.6296 92.2283 0.0000 119.4237 63.9519 99.5434 114.2897 61.8341 91.3091 135.5584 85.4245
106.2917 104.6779 116.1697 116.4273 119.4237 0.0000 143.1446 113.4825 101.6902 70.8389 111.0324 76.1530 67.9550
98.9805 102.5600 128.3512 124.5695 63.9519 143.1446 0.0000 112.3872 100.1506 126.5379 117.4427 119.8270 60.7365
117.5290 104.9237 128.4275 106.0562 99.5434 113.4825 112.3872 0.0000 104.9957 79.2865 70.3184 84.6051 105.2841
94.9321 83.2975 69.1828 87.3155 114.2897 101.6902 100.1506 104.9957 0.0000 108.7517 96.4635 86.7766 99.6629
98.4650 97.3997 123.2331 82.0444 61.8341 70.8389 126.5379 79.2865 108.7517 0.0000 79.2024 81.1157 67.1020
98.3941 100.5580 97.4110 92.9863 91.3091 111.0324 117.4427 70.3184 96.4635 79.2024 0.0000 107.7114 95.7335
80.3644 103.5109 94.9584 102.9747 135.5584 76.1530 119.8270 84.6051 86.7766 81.1157 107.7114 0.0000 97.1277
109.1059 72.6281 96.8096 85.3552 85.4245 67.9550 60.7365 105.2841 99.6629 67.1020 95.7335 97.1277 0.0000
