13
0.0000 154.9130 184.8851 12.0784 85.7525 94.3921 72.8009 280.7715 12.4410 81.1121 213.8742 29.7498 122.3817
154.9130 0.0000 169.5275 355.7049 104.6916 87.3555 22.6931 136.1523 25.5125 150.0381 75.0883 163.3416 139.9856
184.8851 169.5275 0.0000 130.6790 173.7044 239.9951 71.0388 117.1487 112.2956 51.5097 192.3012 203.0382 192.8797
12.0784 355.7049 130.6790 0.0000 168.6177 27.2174 171.4134 5.2642 91.0752 245.0712 12.7781 109.2914 56.9605
85.7525 104.6916 173.7044 168.6177 0.0000 319.5953 118.2230 24.8294 148.4777 65.3866 60.5708 225.7576 249.5399
94.3921 87.3555 239.9951 27.2174 319.5953 0.0000 87.1213 71.7191 88.9433 111.7258 90.2819 26.8206 55.8733
72.8009 22.6931 71.0388 171.4134 118.2230 87.1213 0.0000 117.5576 36.9088 11.9028 228.6234 215.0002 250.8755
280.7715 136.1523 117.1487 5.2642 24.8294 71.7191 117.5576 0.0000 2.8515 293.2050 144.0430 130.8965 59.2060
12.4410 25.5125 112.2956 91.0752 148.4777 88.9433 36.9088 2.8515 0.0000 187.2085 120.7488 62.0950 172.3652
81.1121 150.0381 51.5097 245.0712 65.3866 111.7258 11.9028 293.2050 187.2085 0.0000 120.2550 30.2028 167.6189
213.8742 75.0883 192.3012 12.7781 60.5708 90.2819 228.6234 144.0430 120.7488 120.2550 0.0000 104.8611 2.6789
29.7498 163.3416 203.0382 109.2914 225.7576 26.8206 215.0002 130.8965 62.0950 30.2028 104.8611 0.0000 30.0639
122.3817 139.9856 192.8797 56.9605 249.5399 55.8733 250.8755 59.2060 172.3652 167.6189 2.6789 30.0639 0.0000
