13
0.0000 101.4351 122.2187 125.0749 24.9617 98.5840 56.4175 138.3256 122.4953 195.6696 62.3295 66.4879 57.1317
101.4351 0.0000 99.0538 114.3174 142.2207 137.3216 149.4702 76.2442 164.2261 76.9697 127.1703 146.3547 42.2963
122.2187 99.0538 0.0000 130.6037 172.5301 79.4566 129.2905 80.1644 82.1607 167.1113 90.2277 107.3075 123.2616
125.0749 114.3174 130.6037 0.0000 155.4962 110.3341 88.7874 93.2664 85.5527 74.5984 136.9496 116.9622 120.7882
24.9617 142.2207 172.5301 155.4962 0.0000 99.2769 7.0092 44.6870 71.8023 99.9047 89.7270 81.3234 109.5203
98.5840 137.3216 79.4566 110.3341 99.2769 0.0000 67.8033 167.6429 106.7499 159.7752 128.7343 120.6168 121.4184
56.4175 149.4702 129.2905 88.7874 7.0092 67.8033 0.0000 31.1758 49.2807 108.6518 61.9012 61.4757 157.1011
138.3256 76.2442 80.1644 93.2664 44.6870 167.6429 31.1758 0.0000 80.6310 31.4085 104.0879 176.2624 53.1366
122.4953 164.2261 82.1607 85.5527 71.8023 106.7499 49.2807 80.6310 0.0000 98.8916 124.4322 73.6928 77.9543
195.6696 76.9697 167.1113 74.5984 99.9047 159.7752 108.6518 31.4085 98.8916 0.0000 27.4844 106.3107 68.9561
62.3295 127.1703 90.2277 136.9496 89.7270 128.7343 61.9012 104.0879 124.4322 27.4844 0.0000 95.9964 81.3384
66.4879 146.3547 107.3075 116.9622 81.3234 120.6168 61.4757 176.2624 73.6928 106.3107 95.9964 0.0000 151.1314
57.1317 42.2963 123.2616 120.7882 109.5203 121.4184 157.1011 53.1366 77.9543 68.9561 81.3384 151.1314 0.0000
