13
0.0000 89.3874 197.3254 66.7213 65.1751 158.8385 76.0135 113.5997 173.0980 60.6621 59.8908 89.5267 120.0864
89.3874 0.0000 65.2890 77.1989 119.5462 38.7631 102.9414 143.1482 122.5261 135.9214 62.5020 207.7000 51.6596
197.3254 65.2890 0.0000 160.6866 140.2083 99.6407 66.0194 84.0123 144.4273 51.1840 122.6239 43.5276 65.7937
66.7213 77.1989 160.6866 0.0000 142.4553 59.5583 127.8226 181.0839 160.5074 31.5353 141.6466 84.4434 80.8599
65.1751 119.5462 140.2083 142.4553 0.0000 115.8519 131.6037 95.8190 85.4071 131.2376 86.4001 83.8678 133.4977
158.8385 38.7631 99.6407 59.5583 115.8519 0.0000 13.8866 123.2058 85.5075 12.6739 108.5211 123.0570 139.2637
76.0135 102.9414 66.0194 127.8226 131.6037 13.8866 0.0000 89.6704 62.8546 144.0427 142.8285 54.2532 102.6991
113.5997 143.1482 84.0123 181.0839 95.8190 123.2058 89.6704 0.0000 36.8827 89.6435 119.1960 99.3319 71.3302
173.0980 122.5261 144.4273 160.5074 85.4071 85.5075 62.8546 36.8827 0.0000 80.5222 46.9738 76.0588 77.7134
60.6621 135.9214 51.1840 31.5353 131.2376 12.6739 144.0427 89.6435 80.5222 0.0000 77.9757 68.3133 86.9878
59.8908 62.5020 122.6239 141.6466 86.4001 108.5211 142.8285 119.1960 46.9738 77.9757 0.0000 138.7958 139.7917
89.5267 207.7000 43.5276 84.4434 83.8678 123.0570 54.2532 99.3319 76.0588 68.3133 138.7958 0.0000 135.6231
120.0864 51.6596 65.7937 80.8599 133.4977 139.2637 102.6991 71.3302 77.7134 86.9878 139.7917 135.6231 0.0000
