13
0.0000 119.9783 83.5442 111.2325 76.5963 59.5979 23.0378 84.8606 105.4645 114.6942 135.0909 39.4826 116.6505
119.9783 0.0000 148.0756 185.8324 2.7548 86.7824 158.7646 103.6580 125.2323 139.2409 87.0083 147.1683 71.5544
83.5442 148.0756 0.0000 91.3457 128.4338 156.1390 123.0910 173.2216 140.7885 209.2478 82.3119 130.1807 29.8777
111.2325 185.8324 91.3457 0.0000 153.3743 87.3640 148.8746 99.1595 204.0949 55.1449 31.5491 128.0769 21.4073
76.5963 2.7548 128.4338 153.3743 0.0000 118.9764 92.7373 88.1383 82.5958 59.4145 90.7676 138.9437 65.1148
59.5979 86.7824 156.1390 87.3640 118.9764 0.0000 155.8240 144.0300 99.7395 157.2776 163.4527 128.7719 125.8290
23.0378 158.7646 123.0910 148.8746 92.7373 155.8240 0.0000 119.1137 37.3140 148.2737 47.7889 159.1055 91.9090
84.8606 103.6580 173.2216 99.1595 88.1383 144.0300 119.1137 0.0000 75.2775 93.0111 73.0038 73.5705 132.5818
105.4645 125.2323 140.7885 204.0949 82.5958 99.7395 37.3140 75.2775 0.0000 94.8869 106.8749 79.9307 96.6434
114.6942 139.2409 209.2478 55.1449 59.4145 157.2776 148.2737 93.0111 94.8869 0.0000 17.7210 88.6425 99.8437
135.0909 87.0083 82.3119 31.5491 90.7676 163.4527 47.7889 73.0038 106.8749 17.7210 0.0000 81.5411 39.8412
39.4826 147.1683 130.1807 128.0769 138.9437 128.7719 159.1055 73.5705 79.9307 88.6425 81.5411 0.0000 152.3249
116.6505 71.5544 29.8777 21.4073 65.1148 125.8290 91.9090 132.5818 96.6434 99.8437 39.8412 152.3249 0.0000
