13
0.0000 9.6192 190.1417 50.5858 118.0054 212.3456 183.2049 108.3824 89.7764 260.5980 148.3580 216.7630 152.2745
9.6192 0.0000 183.7654 16.3797 282.7816 122.1253 15.2893 69.5105 232.2063 226.1138 91.7066 5.1659 100.8281
190.1417 183.7654 0.0000 114.2852 177.4305 18.0545 80.3025 24.0482 25.5678 158.2723 83.5786 115.1339 6.6898
50.5858 16.3797 114.2852 0.0000 225.5266 257.4825 87.2992 24.6290 232.9696 61.4342 66.6820 216.7075 109.9616
118.0054 282.7816 177.4305 225.5266 0.0000 204.3057 12.6305 164.5382 209.4695 115.3417 88.7348 115.3392 0.2460
212.3456 122.1253 18.0545 257.4825 204.3057 0.0000 142.8224 115.1363 116.5582 41.4977 28.6386 279.7868 19.9207
183.2049 15.2893 80.3025 87.2992 12.6305 142.8224 0.0000 91.1279 210.9679 141.8992 83.0999 29.9626 8.3529
108.3824 69.5105 24.0482 24.6290 164.5382 115.1363 91.1279 0.0000 64.6747 125.5919 191.5725 10.3143 143.7408
89.7764 232.2063 25.5678 232.9696 209.4695 116.5582 210.9679 64.6747 0.0000 129.0049 166.1495 99.4993 165.0212
260.5980 226.1138 158.2723 61.4342 115.3417 41.4977 141.8992 125.5919 129.0049 0.0000 127.3602 208.6499 35.5198
148.3580 91.7066 83.5786 66.6820 88.7348 28.6386 83.0999 191.5725 166.1495 127.3602 0.0000 77.6166 88.2036
216.7630 5.1659 115.1339 216.7075 115.3392 279.7868 29.9626 10.3143 99.4993 208.6499 77.6166 0.0000 114.2039
152.2745 100.8281 6.6898 109.9616 0.2460 19.9207 8.3529 143.7408 165.0212 35.5198 88.2036 114.2039 0.0000
