13
0.0000 79.4793 147.8088 152.4946 32.6584 75.4273 65.3460 24.9105 47.5913 100.6807 19.6134 92.1064 115.9983
79.4793 0.0000 143.7381 118.0870 158.5889 113.7577 196.9320 123.9455 127.2190 143.0236 151.0854 155.7456 162.8008
147.8088 143.7381 0.0000 138.8500 73.5794 77.5438 83.7949 237.4001 27.4986 160.7944 131.3319 37.5813 130.2741
152.4946 118.0870 138.8500 0.0000 126.2847 41.6089 212.3112 130.9875 125.3288 14.8272 96.0854 43.6010 99.6585
32.6584 158.5889 73.5794 126.2847 0.0000 97.2724 16.2286 145.1821 185.5081 100.9258 76.7042 111.5948 102.7299
75.4273 113.7577 77.5438 41.6089 97.2724 0.0000 85.9320 14.1546 106.4642 76.2107 91.6584 55.6601 123.6662
65.3460 196.9320 83.7949 212.3112 16.2286 85.9320 0.0000 158.9432 51.0417 17.9195 329.3008 146.8540 109.1444
24.9105 123.9455 237.4001 130.9875 145.1821 14.1546 158.9432 0.0000 124.9330 38.5300 249.9596 276.2783 2.5196
47.5913 127.2190 27.4986 125.3288 185.5081 106.4642 51.0417 124.9330 0.0000 209.4121 73.4237 188.4347 51.1401
100.6807 143.0236 160.7944 14.8272 100.9258 76.2107 17.9195 38.5300 209.4121 0.0000 111.8656 59.2935 80.4953
19.6134 151.0854 131.3319 96.0854 76.7042 91.6584 329.3008 249.9596 73.4237 111.8656 0.0000 96.2249 105.8609
92.1064 155.7456 37.5813 43.6010 111.5948 55.6601 146.8540 276.2783 188.4347 59.2935 96.2249 0.0000 46.7514
115.9983 162.8008 130.2741 99.6585 102.7299 123.6662 109.1444 2.5196 51.1401 80.4953 105.8609 46.7514 0.0000
