13
0.0000 57.6369 105.0182 94.9019 166.7871 77.0296 151.4338 90.3336 83.8388 92.4423 112.5143 71.9184 132.1282
57.6369 0.0000 89.8988 93.4002 100.4412 145.0093 118.9424 66.1649 123.4868 148.2916 69.5571 83.6919 87.5162
105.0182 89.8988 0.0000 73.2525 136.9694 88.3242 72.2526 121.2259 135.9314 110.3043 115.4126 129.0552 108.3465
94.9019 93.4002 73.2525 0.0000 100.1816 105.1640 152.6790 98.2478 117.8398 69.5704 87.8227 108.9759 96.8666
166.7871 100.4412 136.9694 100.1816 0.0000 48.5031 79.5178 64.2008 95.9531 117.3395 69.2534 189.4504 146.1301
77.0296 145.0093 88.3242 105.1640 48.5031 0.0000 57.6197 89.7014 106.8719 148.6401 128.1996 161.8283 87.6074
151.4338 118.9424 72.2526 152.6790 79.5178 57.6197 0.0000 108.8319 85.4081 147.5136 70.6654 99.7379 80.8479
90.3336 66.1649 121.2259 98.2478 64.2008 89.7014 108.8319 0.0000 102.7952 116.9463 79.8259 123.7745 96.5528
83.8388 123.4868 135.9314 117.8398 95.9531 106.8719 85.4081 102.7952 0.0000 104.9238 51.0742 64.0311 96.2247
92.4423 148.2916 110.3043 69.5704 117.3395 148.6401 147.5136 116.9463 104.9238 0.0000 129.3794 84.2772 174.9209
112.5143 69.5571 115.4126 87.8227 69.2534 128.1996 70.6654 79.8259 51.0742 129.3794 0.0000 66.8504 157.4009
71.9184 83.6919 129.0552 108.9759 189.4504 161.8283 99.7379 123.7745 64.0311 84.2772 66.8504 0.0000 100.9769
132.1282 87.5162 108.3465 96.8666 146.1301 87.6074 80.8479 96.5528 96.2247 174.9209 157.4009 100.9769 0.0000
