13
0.0000 135.4797 44.0833 103.2224 116.8265 119.3104 130.8325 49.4331 69.4110 140.6166 5.3236 72.0744 128.0355
135.4797 0.0000 145.0043 42.4306 68.0071 192.1172 189.4129 296.9402 154.9225 95.6657 198.8275 55.4133 70.2492
44.0833 145.0043 0.0000 220.7508 99.1420 182.7419 87.7872 75.5283 104.9288 54.4648 216.2399 110.4562 416.9481
103.2224 42.4306 220.7508 0.0000 18.8740 123.6854 324.5091 231.8646 227.9313 30.9394 175.2938 42.7807 341.5717
116.8265 68.0071 99.1420 18.8740 0.0000 133.5927 63.9559 76.7723 16.9582 141.3821 354.3320 93.6418 74.5223
119.3104 192.1172 182.7419 123.6854 133.5927 0.0000 213.5041 30.2512 66.4307 67.6944 44.1480 57.6609 112.1439
130.8325 189.4129 87.7872 324.5091 63.9559 213.5041 0.0000 79.7302 57.7105 228.7530 113.4807 133.1635 78.7585
49.4331 296.9402 75.5283 231.8646 76.7723 30.2512 79.7302 0.0000 149.6820 182.3450 43.4682 73.1541 119.9352
69.4110 154.9225 104.9288 227.9313 16.9582 66.4307 57.7105 149.6820 0.0000 293.3466 130.5398 161.3429 66.5214
140.6166 95.6657 54.4648 30.9394 141.3821 67.6944 228.7530 182.3450 293.3466 0.0000 274.9615 180.5705 123.2141
5.3236 198.8275 216.2399 175.2938 354.3320 44.1480 113.4807 43.4682 130.5398 274.9615 0.0000 174.5439 52.3881
72.0744 55.4133 110.4562 42.7807 93.6418 57.6609 133.1635 73.1541 161.3429 180.5705 174.5439 0.0000 205.4461
128.0355 70.2492 416.9481 341.5717 74.5223 112.1439 78.7585 119.9352 66.5214 123.2141 52.3881 205.4461 0.0000
