13
0.0000 143.5064 117.5534 71.0238 88.7979 77.1913 77.8415 52.5656 115.8604 155.7120 79.0565 103.7670 74.6061
143.5064 0.0000 112.4918 119.5368 117.1899 60.5784 131.1550 86.7893 102.8373 104.2500 125.5062 91.0439 95.8952
117.5534 112.4918 0.0000 89.5804 101.1385 117.5551 185.7026 89.8313 60.2217 82.3961 108.1549 86.0702 150.3844
71.0238 119.5368 89.5804 0.0000 116.5803 168.1863 138.5574 99.7352 86.1964 71.5073 124.2318 110.5684 136.8886
88.7979 117.1899 101.1385 116.5803 0.0000 85.1489 115.8560 87.2302 112.6451 78.9029 109.8845 110.9182 59.7531
77.1913 60.5784 117.5551 168.1863 85.1489 0.0000 64.0509 81.1972 79.3551 101.9956 100.1131 87.7216 65.6412
77.8415 131.1550 185.7026 138.5574 115.8560 64.0509 0.0000 106.5759 76.3982 110.1827 96.1729 151.2216 45.7476
52.5656 86.7893 89.8313 99.7352 87.2302 81.1972 106.5759 0.0000 65.7477 112.7235 123.2345 88.8462 99.2262
115.8604 102.8373 60.2217 86.1964 112.6451 79.3551 76.3982 65.7477 0.0000 64.2216 131.0274 109.8639 138.9286
155.7120 104.2500 82.3961 71.5073 78.9029 101.9956 110.1827 112.7235 64.2216 0.0000 138.0893 135.1538 95.9551
79.0565 125.5062 108.1549 124.2318 109.8845 100.1131 96.1729 123.2345 131.0274 138.0893 0.0000 88.6147 88.5594
103.7670 91.0439 86.0702 110.5684 110.9182 87.7216 151.2216 88.8462 109.8639 135.1538 88.6147 0.0000 132.2703
74.6061 95.8952 150.3844 136.8886 59.7531 65.6412 45.7476 99.2262 138.9286 95.9551 88.5594 132.2703 0.0000
