13
0.0000 40.9870 139.2277 178.0671 66.2797 149.4558 102.8261 195.7444 112.2881 154.2227 70.8816 24.9775 70.2899
40.9870 0.0000 106.8801 165.8914 114.6033 149.3384 178.7264 77.1284 39.3296 95.9256 115.6857 67.0771 125.0879
139.2277 106.8801 0.0000 97.3820 174.8820 131.8177 165.3029 62.7653 133.4852 73.9314 141.2906 28.8334 215.5938
178.0671 165.8914 97.3820 0.0000 49.5371 16.8749 137.0779 61.9131 127.8947 52.3523 99.9220 91.9144 116.2558
66.2797 114.6033 174.8820 49.5371 0.0000 90.4901 74.6965 5.8928 62.2224 137.1059 138.2880 136.3369 108.2899
149.4558 149.3384 131.8177 16.8749 90.4901 0.0000 87.3224 71.1607 134.5028 38.7999 73.6972 70.9488 62.0763
102.8261 178.7264 165.3029 137.0779 74.6965 87.3224 0.0000 139.3288 45.7023 38.6316 66.0917 136.0149 74.4073
195.7444 77.1284 62.7653 61.9131 5.8928 71.1607 139.3288 0.0000 104.6060 66.4064 122.9940 77.8181 47.1635
112.2881 39.3296 133.4852 127.8947 62.2224 134.5028 45.7023 104.6060 0.0000 131.6089 111.7784 62.4289 110.9178
154.2227 95.9256 73.9314 52.3523 137.1059 38.7999 38.6316 66.4064 131.6089 0.0000 81.6397 98.8108 41.7122
70.8816 115.6857 141.2906 99.9220 138.2880 73.6972 66.0917 122.9940 111.7784 81.6397 0.0000 91.2495 113.1563
24.9775 67.0771 28.8334 91.9144 136.3369 70.9488 136.0149 77.8181 62.4289 98.8108 91.2495 0.0000 120.7303
70.2899 125.0879 215.5938 116.2558 108.2899 62.0763 74.4073 47.1635 110.9178 41.7122 113.1563 120.7303 0.0000
