14
0.0000 111.5371 177.0001 108.3802 198.3604 210.8679 161.1561 155.3723 97.3672 194.8699 143.8418 19.3009 243.3287 88.8418
111.5371 0.0000 143.6751 100.0734 79.4780 70.7153 169.2104 307.3411 181.6895 116.6326 92.4710 167.6899 166.6396 82.3025
177.0001 143.6751 0.0000 266.8549 155.5935 123.9164 86.7342 81.1137 34.7591 34.8888 65.4450 147.3082 109.0915 43.7055
108.3802 100.0734 266.8549 0.0000 109.2949 160.4475 207.5325 228.6420 94.6305 108.5754 275.7044 100.7819 97.4253 283.7636
198.3604 79.4780 155.5935 109.2949 0.0000 108.6205 170.9796 114.8486 71.4120 40.2895 102.6637 298.5664 240.6171 11.7074
210.8679 70.7153 123.9164 160.4475 108.6205 0.0000 220.7266 42.9101 42.9536 84.7358 69.3701 241.0291 98.1750 103.6364
161.1561 169.2104 86.7342 207.5325 170.9796 220.7266 0.0000 79.5045 15.1467 91.8429 135.8945 60.3898 103.9970 60.9191
155.3723 307.3411 81.1137 228.6420 114.8486 42.9101 79.5045 0.0000 161.0369 142.0528 184.3115 116.1566 137.6171 57.9669
97.3672 181.6895 34.7591 94.6305 71.4120 42.9536 15.1467 161.0369 0.0000 118.9449 124.1601 122.3377 76.4435 58.8911
194.8699 116.6326 34.8888 108.5754 40.2895 84.7358 91.8429 142.0528 118.9449 0.0000 85.7353 71.0118 24.6323 87.1237
143.8418 92.4710 65.4450 275.7044 102.6637 69.3701 135.8945 184.3115 124.1601 85.7353 0.0000 116.6605 118.8038 82.9399
19.3009 167.6899 147.3082 100.7819 298.5664 241.0291 60.3898 116.1566 122.3377 71.0118 116.6605 0.0000 246.3309 167.1110
243.3287 166.6396 109.0915 97.4253 240.6171 98.1750 103.9970 137.6171 76.4435 24.6323 118.8038 246.3309 0.0000 62.2816
88.8418 82.3025 43.7055 283.7636 11.7074 103.6364 60.9191 57.9669 58.8911 87.1237 82.9399 167.1110 62.2816 0.0000
