14
0.0000 81.1211 67.0427 58.5476 164.9833 127.1043 109.5403 55.6024 56.2982 89.2408 83.6002 44.6555 40.1594 89.6006
81.1211 0.0000 96.0527 64.8709 150.6939 71.8577 103.8462 90.2550 103.0915 122.5795 67.2800 64.1224 69.1215 90.2805
67.0427 96.0527 0.0000 47.1243 127.4512 89.1631 116.8683 133.5780 144.0795 33.9739 154.0088 118.1897 152.3745 116.1998
58.5476 64.8709 47.1243 0.0000 54.5736 128.4276 76.9985 63.9196 94.8609 92.9125 68.0050 125.5675 57.6218 97.5553
164.9833 150.6939 127.4512 54.5736 0.0000 110.2437 107.7270 38.4660 149.4952 86.1306 105.1467 124.3596 113.6993 58.5239
127.1043 71.8577 89.1631 128.4276 110.2437 0.0000 70.3414 68.1662 86.8151 109.6981 132.2816 66.8523 65.7267 127.3401
109.5403 103.8462 116.8683 76.9985 107.7270 70.3414 0.0000 83.0665 126.2818 106.1559 123.6921 130.8722 153.8481 120.1904
55.6024 90.2550 133.5780 63.9196 38.4660 68.1662 83.0665 0.0000 102.8295 50.9985 83.3847 61.3845 94.4628 54.8155
56.2982 103.0915 144.0795 94.8609 149.4952 86.8151 126.2818 102.8295 0.0000 99.2146 101.2222 173.4102 7.7668 81.0207
89.2408 122.5795 33.9739 92.9125 86.1306 109.6981 106.1559 50.9985 99.2146 0.0000 108.2110 151.1769 99.1317 140.6297
83.6002 67.2800 154.0088 68.0050 105.1467 132.2816 123.6921 83.3847 101.2222 108.2110 0.0000 98.7591 102.5439 91.3884
44.6555 64.1224 118.1897 125.5675 124.3596 66.8523 130.8722 61.3845 173.4102 151.1769 98.7591 0.0000 126.3483 141.8686
40.1594 69.1215 152.3745 57.6218 113.6993 65.7267 153.8481 94.4628 7.7668 99.1317 102.5439 126.3483 0.0000 113.7427
89.6006 90.2805 116.1998 97.5553 58.5239 127.3401 120.1904 54.8155 81.0207 140.6297 91.3884 141.8686 113.7427 0.0000
