14
0.0000 170.2535 220.5003 70.9892 82.5084 36.5564 45.7874 87.1829 42.3300 128.7965 266.8960 92.6996 72.7312 70.1814
170.2535 0.0000 174.1507 188.9926 24.7612 82.8082 46.2535 235.5980 105.8168 75.9153 0.7044 19.1747 130.7205 104.0262
220.5003 174.1507 0.0000 58.3821 191.8678 176.6178 189.3613 100.4429 138.0366 200.9032 21.2345 141.5045 139.5113 237.3371
70.9892 188.9926 58.3821 0.0000 64.2658 114.8652 142.5995 73.0518 84.8466 53.7994 123.4773 74.0333 155.2874 154.8414
82.5084 24.7612 191.8678 64.2658 0.0000 87.6015 5.4851 32.8801 121.0971 136.1838 42.7067 30.3304 90.2367 147.2986
36.5564 82.8082 176.6178 114.8652 87.6015 0.0000 148.1426 153.9131 108.8644 164.6029 68.1109 30.4921 57.1983 88.3356
45.7874 46.2535 189.3613 142.5995 5.4851 148.1426 0.0000 211.9303 89.5172 80.6839 8.8194 168.2345 61.9557 87.1620
87.1829 235.5980 100.4429 73.0518 32.8801 153.9131 211.9303 0.0000 70.4577 42.3696 94.5261 74.2541 30.8351 186.3930
42.3300 105.8168 138.0366 84.8466 121.0971 108.8644 89.5172 70.4577 0.0000 163.9006 155.9181 92.5458 103.0724 30.0135
128.7965 75.9153 200.9032 53.7994 136.1838 164.6029 80.6839 42.3696 163.9006 0.0000 154.8494 111.1342 195.0793 161.8815
266.8960 0.7044 21.2345 123.4773 42.7067 68.1109 8.8194 94.5261 155.9181 154.8494 0.0000 117.8691 91.6463 271.5544
92.6996 19.1747 141.5045 74.0333 30.3304 30.4921 168.2345 74.2541 92.5458 111.1342 117.8691 0.0000 70.2310 97.3681
72.7312 130.7205 139.5113 155.2874 90.2367 57.1983 61.9557 30.8351 103.0724 195.0793 91.6463 70.2310 0.0000 171.6003
70.1814 104.0262 237.3371 154.8414 147.2986 88.3356 87.1620 186.3930 30.0135 161.8815 271.5544 97.3681 171.6003 0.0000
