14
0.0000 227.2609 341.8290 185.6435 18.8880 228.2710 204.3999 125.1901 83.6517 67.4767 212.1961 138.5710 220.5170 126.7492
227.2609 0.0000 297.8146 122.8248 60.8569 95.6697 2.3004 79.9272 354.2064 209.2042 77.0340 7.6448 205.9936 66.7007
341.8290 297.8146 0.0000 216.5222 70.7021 77.5749 38.6111 165.3950 74.2777 260.9014 59.1637 214.6035 76.8336 149.3296
185.6435 122.8248 216.5222 0.0000 115.3499 200.1724 8.2321 89.4481 159.7060 198.1998 267.2404 89.2405 24.2311 155.3227
18.8880 60.8569 70.7021 115.3499 0.0000 43.4411 97.8384 287.0522 248.3962 118.3915 205.7726 233.6352 161.8627 177.8631
228.2710 95.6697 77.5749 200.1724 43.4411 0.0000 56.5945 62.2034 162.8974 164.8948 72.9866 41.6785 0.5387 140.6369
204.3999 2.3004 38.6111 8.2321 97.8384 56.5945 0.0000 80.1453 101.5492 79.9159 81.2605 226.7979 171.3002 150.0679
125.1901 79.9272 165.3950 89.4481 287.0522 62.2034 80.1453 0.0000 174.4444 102.5471 77.7735 287.7523 107.0009 206.0530
83.6517 354.2064 74.2777 159.7060 248.3962 162.8974 101.5492 174.4444 0.0000 62.7011 77.4081 87.3950 44.5043 9.7496
67.4767 209.2042 260.9014 198.1998 118.3915 164.8948 79.9159 102.5471 62.7011 0.0000 140.2673 75.8119 183.9278 42.5586
212.1961 77.0340 59.1637 267.2404 205.7726 72.9866 81.2605 77.7735 77.4081 140.2673 0.0000 12.7210 250.6704 116.0931
138.5710 7.6448 214.6035 89.2405 233.6352 41.6785 226.7979 287.7523 87.3950 75.8119 12.7210 0.0000 1.5025 129.3575
220.5170 205.9936 76.8336 24.2311 161.8627 0.5387 171.3002 107.0009 44.5043 183.9278 250.6704 1.5025 0.0000 129.1545
126.7492 66.7007 149.3296 155.3227 177.8631 140.6369 150.0679 206.0530 9.7496 42.5586 116.0931 129.3575 129.1545 0.0000
