14
0.0000 128.0773 118.0748 68.2524 141.9188 73.1555 134.7835 111.2027 91.8426 104.9308 47.4712 97.9073 184.7948 85.8928
128.0773 0.0000 69.6996 81.3158 71.9226 151.8398 119.6100 121.9933 130.1166 12.2722 85.9208 95.8106 85.8254 83.9320
118.0748 69.6996 0.0000 83.8618 92.8888 84.9338 110.7692 82.1120 151.2699 125.3059 58.0961 148.3640 110.9525 110.9908
68.2524 81.3158 83.8618 0.0000 132.1550 139.4014 163.0195 131.0202 71.2907 108.4711 59.6837 84.1645 111.5875 70.5449
141.9188 71.9226 92.8888 132.1550 0.0000 107.6379 91.9957 100.5984 109.3759 57.4333 131.8150 168.0410 132.8907 95.2404
73.1555 151.8398 84.9338 139.4014 107.6379 0.0000 70.1262 44.1461 70.5376 100.4630 124.9161 131.6648 133.1800 128.1753
134.7835 119.6100 110.7692 163.0195 91.9957 70.1262 0.0000 70.6669 158.4767 30.4967 155.5753 146.9852 123.0984 70.3489
111.2027 121.9933 82.1120 131.0202 100.5984 44.1461 70.6669 0.0000 125.7309 97.4662 102.6861 81.1976 78.0934 37.2675
91.8426 130.1166 151.2699 71.2907 109.3759 70.5376 158.4767 125.7309 0.0000 119.4106 84.2240 94.6396 80.9482 131.8139
104.9308 12.2722 125.3059 108.4711 57.4333 100.4630 30.4967 97.4662 119.4106 0.0000 127.4152 50.0067 87.5071 127.1954
47.4712 85.9208 58.0961 59.6837 131.8150 124.9161 155.5753 102.6861 84.2240 127.4152 0.0000 117.6742 106.9523 80.8717
97.9073 95.8106 148.3640 84.1645 168.0410 131.6648 146.9852 81.1976 94.6396 50.0067 117.6742 0.0000 99.0551 52.1685
184.7948 85.8254 110.9525 111.5875 132.8907 133.1800 123.0984 78.0934 80.9482 87.5071 106.9523 99.0551 0.0000 135.1995
85.8928 83.9320 110.9908 70.5449 95.2404 128.1753 70.3489 37.2675 131.8139 127.1954 80.8717 52.1685 135.1995 0.0000
