14
0.0000 144.2555 132.5082 83.0027 129.4856 142.9055 113.2791 70.3978 182.7925 166.6409 122.5860 205.6744 94.0822 102.9488
144.2555 0.0000 169.7728 74.9486 136.1935 35.0577 80.6480 114.0272 89.3100 49.8743 119.8548 33.1509 55.5582 119.2736
132.5082 169.7728 0.0000 81.3668 76.8722 118.5486 8.6514 77.2670 186.7584 155.3629 80.4478 138.0105 67.9631 87.3949
83.0027 74.9486 81.3668 0.0000 149.5735 119.5214 102.8707 28.6182 179.7513 134.5497 113.3740 140.3827 127.4074 21.9818
129.4856 136.1935 76.8722 149.5735 0.0000 128.1708 169.6426 166.0042 149.8295 45.4797 135.7397 66.9903 198.7036 100.5340
142.9055 35.0577 118.5486 119.5214 128.1708 0.0000 82.8258 152.6918 93.6855 49.8621 99.8477 142.4654 98.3167 84.9864
113.2791 80.6480 8.6514 102.8707 169.6426 82.8258 0.0000 127.4919 80.6388 43.9594 150.4982 179.0781 124.7666 137.5809
70.3978 114.0272 77.2670 28.6182 166.0042 152.6918 127.4919 0.0000 192.2379 81.8818 96.5481 170.0930 74.9883 134.0995
182.7925 89.3100 186.7584 179.7513 149.8295 93.6855 80.6388 192.2379 0.0000 132.3141 157.3917 48.5870 103.6514 70.3581
166.6409 49.8743 155.3629 134.5497 45.4797 49.8621 43.9594 81.8818 132.3141 0.0000 63.7117 134.2797 119.1722 157.8750
122.5860 119.8548 80.4478 113.3740 135.7397 99.8477 150.4982 96.5481 157.3917 63.7117 0.0000 83.7049 42.9517 135.0147
205.6744 33.1509 138.0105 140.3827 66.9903 142.4654 179.0781 170.0930 48.5870 134.2797 83.7049 0.0000 68.0771 79.1457
94.0822 55.5582 67.9631 127.4074 198.7036 98.3167 124.7666 74.9883 103.6514 119.1722 42.9517 68.0771 0.0000 115.0709
102.9488 119.2736 87.3949 21.9818 100.5340 84.9864 137.5809 134.0995 70.3581 157.8750 135.0147 79.1457 115.0709 0.0000
