14
0.0000 235.0049 42.0287 113.8338 72.0156 72.6924 173.8641 207.4556 137.5172 99.0478 24.4215 90.2826 54.7674 95.6226
235.0049 0.0000 187.7429 28.5537 61.1204 124.7008 85.5200 91.8791 83.2139 218.1264 5.8881 103.1399 169.1940 34.6155
42.0287 187.7429 0.0000 141.3555 151.0437 151.8757 59.2665 93.0229 39.1421 71.8481 103.5884 157.9166 13.6843 30.5851
113.8338 28.5537 141.3555 0.0000 78.9085 97.3706 53.4417 205.5986 122.1235 234.1895 146.7585 25.7785 190.0805 24.4920
72.0156 61.1204 151.0437 78.9085 0.0000 99.1987 229.1185 17.3805 62.3871 139.0265 200.0955 139.9476 43.7796 183.2202
72.6924 124.7008 151.8757 97.3706 99.1987 0.0000 171.7797 48.5182 83.2983 44.3534 127.4951 31.5272 68.2695 122.1772
173.8641 85.5200 59.2665 53.4417 229.1185 171.7797 0.0000 58.9881 152.9633 78.7808 5.1708 184.6131 75.8070 138.9840
207.4556 91.8791 93.0229 205.5986 17.3805 48.5182 58.9881 0.0000 59.4314 236.9706 249.8977 140.3958 93.7601 28.8992
137.5172 83.2139 39.1421 122.1235 62.3871 83.2983 152.9633 59.4314 0.0000 19.5942 95.6825 25.5652 217.1087 109.7792
99.0478 218.1264 71.8481 234.1895 139.0265 44.3534 78.7808 236.9706 19.5942 0.0000 106.5050 88.7413 179.9973 156.4910
24.4215 5.8881 103.5884 146.7585 200.0955 127.4951 5.1708 249.8977 95.6825 106.5050 0.0000 58.8045 11.1660 178.6708
90.2826 103.1399 157.9166 25.7785 139.9476 31.5272 184.6131 140.3958 25.5652 88.7413 58.8045 0.0000 8.5985 69.9474
54.7674 169.1940 13.6843 190.0805 43.7796 68.2695 75.8070 93.7601 217.1087 179.9973 11.1660 8.5985 0.0000 28.5729
95.6226 34.6155 30.5851 24.4920 183.2202 122.1772 138.9840 28.8992 109.7792 156.4910 178.6708 69.9474 28.5729 0.0000
