14
0.0000 112.1452 129.2736 71.0679 92.6219 103.6249 89.9573 113.9717 97.8834 90.2403 129.8663 82.1017 86.9701 62.1861
112.1452 0.0000 127.8940 72.5141 107.3959 76.8053 94.5774 104.4832 124.5858 128.8150 67.0176 85.0283 111.8782 94.2464
129.2736 127.8940 0.0000 87.6943 75.0938 131.8093 103.3708 92.7464 140.4940 120.1622 102.9860 115.3973 85.4416 127.2919
71.0679 72.5141 87.6943 0.0000 96.4894 132.0713 110.8411 118.1677 72.0466 90.8758 65.7487 110.7691 94.7076 102.9765
92.6219 107.3959 75.0938 96.4894 0.0000 123.3437 92.9854 93.3087 124.9500 107.1831 70.9844 122.3082 117.8719 98.9472
103.6249 76.8053 131.8093 132.0713 123.3437 0.0000 62.2214 107.9167 72.3615 76.4559 116.8961 82.4192 81.3786 118.2002
89.9573 94.5774 103.3708 110.8411 92.9854 62.2214 0.0000 114.5933 93.9274 124.4261 118.1377 120.3982 99.8681 123.6332
113.9717 104.4832 92.7464 118.1677 93.3087 107.9167 114.5933 0.0000 96.8077 98.3400 86.6516 88.8979 86.7880 97.7760
97.8834 124.5858 140.4940 72.0466 124.9500 72.3615 93.9274 96.8077 0.0000 76.8718 88.0740 88.3889 73.5918 103.6330
90.2403 128.8150 120.1622 90.8758 107.1831 76.4559 124.4261 98.3400 76.8718 0.0000 121.6625 61.8255 100.5628 114.6534
129.8663 67.0176 102.9860 65.7487 70.9844 116.8961 118.1377 86.6516 88.0740 121.6625 0.0000 123.3778 110.2440 143.6951
82.1017 85.0283 115.3973 110.7691 122.3082 82.4192 120.3982 88.8979 88.3889 61.8255 123.3778 0.0000 108.2490 64.5504
86.9701 111.8782 85.4416 94.7076 117.8719 81.3786 99.8681 86.7880 73.5918 100.5628 110.2440 108.2490 0.0000 95.6350
62.1861 94.2464 127.2919 102.9765 98.9472 118.2002 123.6332 97.7760 103.6330 114.6534 143.6951 64.5504 95.6350 0.0000
