14
0.0000 117.1230 110.2835 108.7598 88.4068 102.0823 115.4523 113.6926 96.2864 97.1950 83.4153 100.7981 91.7538 95.0124
117.1230 0.0000 109.9830 106.3668 98.5705 103.2924 101.7678 104.7876 98.2796 92.3106 95.9561 97.6801 93.9081 95.4127
110.2835 109.9830 0.0000 95.7387 91.9965 102.9357 110.1895 106.2918 126.1329 115.9714 102.4517 96.9271 77.6414 107.6479
108.7598 106.3668 95.7387 0.0000 94.8270 87.5133 100.1156 114.0461 62.5434 107.9693 101.1341 111.8682 92.8971 110.3828
88.4068 98.5705 91.9965 94.8270 0.0000 109.1702 89.8814 100.1982 97.4627 100.0124 92.0570 117.0326 118.3765 101.1367
102.0823 103.2924 102.9357 87.5133 109.1702 0.0000 101.3130 98.7209 92.3884 89.6156 96.8451 111.9752 102.7222 88.4795
115.4523 101.7678 110.1895 100.1156 89.8814 101.3130 0.0000 102.6539 110.9129 84.2354 95.4288 91.3011 94.5234 117.9627
113.6926 104.7876 106.2918 114.0461 100.1982 98.7209 102.6539 0.0000 96.5536 96.6162 105.6349 81.7586 101.8324 100.9339
96.2864 98.2796 126.1329 62.5434 97.4627 92.3884 110.9129 96.5536 0.0000 98.2172 77.3934 94.5540 109.0124 80.5506
97.1950 92.3106 115.9714 107.9693 100.0124 89.6156 84.2354 96.6162 98.2172 0.0000 109.3425 98.9591 98.5432 97.4055
83.4153 95.9561 102.4517 101.1341 92.0570 96.8451 95.4288 105.6349 77.3934 109.3425 0.0000 112.3909 89.2395 96.9730
100.7981 97.6801 96.9271 111.8682 117.0326 111.9752 91.3011 81.7586 94.5540 98.9591 112.3909 0.0000 113.6582 94.9160
91.7538 93.9081 77.6414 92.8971 118.3765 102.7222 94.5234 101.8324 109.0124 98.5432 89.2395 113.6582 0.0000 100.8043
95.0124 95.4127 107.6479 110.3828 101.1367 88.4795 117.9627 100.9339 80.5506 97.4055 96.9730 94.9160 100.8043 0.0000
