14
0.0000 185.2184 127.6231 113.1676 286.0319 167.8050 189.8325 114.7144 27.5825 190.8765 327.8255 43.5278 145.1361 36.6168
185.2184 0.0000 80.5314 10.8552 155.1351 16.6689 37.3991 88.0572 108.4717 55.2302 200.3162 12.0806 35.9979 109.7825
127.6231 80.5314 0.0000 282.0093 74.8421 163.4225 90.7749 66.2054 220.6775 199.6414 92.8133 58.9856 81.2800 217.6288
113.1676 10.8552 282.0093 0.0000 52.0664 161.6319 95.6081 168.9474 131.6658 138.4035 132.1675 219.2396 14.2995 13.1805
286.0319 155.1351 74.8421 52.0664 0.0000 44.4437 106.4217 215.6508 72.5297 19.2992 182.8937 27.7338 76.6496 165.4753
167.8050 16.6689 163.4225 161.6319 44.4437 0.0000 180.7910 72.0058 55.6032 109.6063 79.1186 97.3961 151.0266 67.8530
189.8325 37.3991 90.7749 95.6081 106.4217 180.7910 0.0000 75.5383 78.8241 232.1464 250.4760 97.2806 53.0216 138.1582
114.7144 88.0572 66.2054 168.9474 215.6508 72.0058 75.5383 0.0000 104.5166 48.7394 9.4774 2.4830 56.2433 289.7852
27.5825 108.4717 220.6775 131.6658 72.5297 55.6032 78.8241 104.5166 0.0000 186.1288 202.9565 166.3956 190.3339 33.3673
190.8765 55.2302 199.6414 138.4035 19.2992 109.6063 232.1464 48.7394 186.1288 0.0000 274.2801 260.1284 194.2282 176.2664
327.8255 200.3162 92.8133 132.1675 182.8937 79.1186 250.4760 9.4774 202.9565 274.2801 0.0000 199.7701 70.6066 2.1746
43.5278 12.0806 58.9856 219.2396 27.7338 97.3961 97.2806 2.4830 166.3956 260.1284 199.7701 0.0000 311.8028 102.0141
145.1361 35.9979 81.2800 14.2995 76.6496 151.0266 53.0216 56.2433 190.3339 194.2282 70.6066 311.8028 0.0000 77.0859
36.6168 109.7825 217.6288 13.1805 165.4753 67.8530 138.1582 289.7852 33.3673 176.2664 2.1746 102.0141 77.0859 0.0000
