14
0.0000 83.1903 102.4629 109.5899 103.9670 96.7611 115.5056 86.2310 98.2966 106.4925 87.7504 84.5471 96.4927 110.7702
83.1903 0.0000 89.8259 107.6053 95.4435 88.1359 92.9519 111.2378 111.5104 100.1420 102.8041 96.3096 93.4554 87.7537
102.4629 89.8259 0.0000 86.1883 99.9278 85.4991 95.9676 101.0336 102.4652 102.9392 110.1635 115.2840 99.6811 89.9188
109.5899 107.6053 86.1883 0.0000 85.6637 102.3303 103.8352 89.3465 127.6726 119.6567 99.7715 115.7194 92.9501 108.4764
103.9670 95.4435 99.9278 85.6637 0.0000 88.7937 109.7718 96.5370 114.0780 106.9290 111.7796 106.9154 89.1050 91.9758
96.7611 88.1359 85.4991 102.3303 88.7937 0.0000 69.7162 109.2840 88.9954 94.3447 90.7011 98.2398 96.4384 104.8411
115.5056 92.9519 95.9676 103.8352 109.7718 69.7162 0.0000 93.8040 94.6394 89.8344 81.8128 97.4669 102.0559 97.7414
86.2310 111.2378 101.0336 89.3465 96.5370 109.2840 93.8040 0.0000 103.7950 100.3682 101.1827 95.7776 95.7839 104.9821
98.2966 111.5104 102.4652 127.6726 114.0780 88.9954 94.6394 103.7950 0.0000 88.9889 98.8139 107.2176 97.4781 104.0798
106.4925 100.1420 102.9392 119.6567 106.9290 94.3447 89.8344 100.3682 88.9889 0.0000 97.0567 102.8141 97.0014 93.0015
87.7504 102.8041 110.1635 99.7715 111.7796 90.7011 81.8128 101.1827 98.8139 97.0567 0.0000 107.8850 114.8221 96.2233
84.5471 96.3096 115.2840 115.7194 106.9154 98.2398 97.4669 95.7776 107.2176 102.8141 107.8850 0.0000 116.2668 94.6975
96.4927 93.4554 99.6811 92.9501 89.1050 96.4384 102.0559 95.7839 97.4781 97.0014 114.8221 116.2668 0.0000 105.2066
110.7702 87.7537 89.9188 108.4764 91.9758 104.8411 97.7414 104.9821 104.0798 93.0015 96.2233 94.6975 105.2066 0.0000
