14
0.0000 11.0002 92.9104 230.4682 31.3182 236.3438 249.4150 89.4075 314.8595 198.3147 127.6906 5.6402 222.5351 118.1354
11.0002 0.0000 96.2929 163.4282 36.2631 202.7513 54.4629 108.6689 120.4166 155.7953 209.5791 86.8751 117.0109 136.0295
92.9104 96.2929 0.0000 109.2567 23.4362 92.0731 103.1981 190.1891 74.3850 36.7980 128.8144 75.4193 84.1586 134.4043
230.4682 163.4282 109.2567 0.0000 22.4726 153.8729 66.0175 259.5180 7.6592 203.7414 76.1990 292.8295 108.1319 125.9745
31.3182 36.2631 23.4362 22.4726 0.0000 158.2459 232.8724 180.3317 190.7737 169.6487 134.8271 278.3702 241.5484 62.1100
236.3438 202.7513 92.0731 153.8729 158.2459 0.0000 127.5091 194.6979 70.6582 95.6395 164.0317 212.1342 8.3438 8.6159
249.4150 54.4629 103.1981 66.0175 232.8724 127.5091 0.0000 10.2650 232.7914 175.8680 29.8483 80.1197 44.4594 136.4004
89.4075 108.6689 190.1891 259.5180 180.3317 194.6979 10.2650 0.0000 5.9393 145.7646 84.7527 48.2023 126.0634 124.0340
314.8595 120.4166 74.3850 7.6592 190.7737 70.6582 232.7914 5.9393 0.0000 83.4135 144.0945 101.4561 267.5445 128.5808
198.3147 155.7953 36.7980 203.7414 169.6487 95.6395 175.8680 145.7646 83.4135 0.0000 13.0945 241.4925 219.7598 25.4917
127.6906 209.5791 128.8144 76.1990 134.8271 164.0317 29.8483 84.7527 144.0945 13.0945 0.0000 35.4228 190.4596 88.4305
5.6402 86.8751 75.4193 292.8295 278.3702 212.1342 80.1197 48.2023 101.4561 241.4925 35.4228 0.0000 160.1410 222.6141
222.5351 117.0109 84.1586 108.1319 241.5484 8.3438 44.4594 126.0634 267.5445 219.7598 190.4596 160.1410 0.0000 257.4691
118.1354 136.0295 134.4043 125.9745 62.1100 8.6159 136.4004 124.0340 128.5808 25.4917 88.4305 222.6141 257.4691 0.0000
