14
0.0000 198.8700 36.4152 19.1316 26.7974 1.6036 88.8008 65.8267 137.9904 75.8862 123.9790 127.3175 40.1766 79.6826
198.8700 0.0000 114.0793 92.0511 91.9711 61.9529 86.8809 41.8771 132.7796 61.4302 20.8294 213.6917 39.7292 61.4218
36.4152 114.0793 0.0000 96.1141 103.3480 7.2907 57.8580 70.7035 100.2171 87.2056 242.0716 109.4117 143.5453 88.6019
19.1316 92.0511 96.1141 0.0000 147.8644 135.2988 82.5669 129.3247 22.3114 64.4736 61.6444 105.9128 136.9260 34.5812
26.7974 91.9711 103.3480 147.8644 0.0000 154.5817 94.9249 86.5148 166.0623 58.6923 99.6811 145.9087 105.4371 254.7177
1.6036 61.9529 7.2907 135.2988 154.5817 0.0000 78.7842 171.1559 71.8172 127.7558 126.5428 22.8749 175.9694 34.9546
88.8008 86.8809 57.8580 82.5669 94.9249 78.7842 0.0000 2.6841 102.5196 53.2322 62.6514 199.6153 96.4657 151.1105
65.8267 41.8771 70.7035 129.3247 86.5148 171.1559 2.6841 0.0000 82.1331 83.6923 178.1285 146.8531 63.5197 127.1649
137.9904 132.7796 100.2171 22.3114 166.0623 71.8172 102.5196 82.1331 0.0000 114.6422 114.6410 172.8073 181.8122 45.1931
75.8862 61.4302 87.2056 64.4736 58.6923 127.7558 53.2322 83.6923 114.6422 0.0000 80.6749 200.7410 140.7457 117.0730
123.9790 20.8294 242.0716 61.6444 99.6811 126.5428 62.6514 178.1285 114.6410 80.6749 0.0000 9.4496 158.2622 88.8317
127.3175 213.6917 109.4117 105.9128 145.9087 22.8749 199.6153 146.8531 172.8073 200.7410 9.4496 0.0000 37.6291 63.8513
40.1766 39.7292 143.5453 136.9260 105.4371 175.9694 96.4657 63.5197 181.8122 140.7457 158.2622 37.6291 0.0000 117.5751
79.6826 61.4218 88.6019 34.5812 254.7177 34.9546 151.1105 127.1649 45.1931 117.0730 88.8317 63.8513 117.5751 0.0000
