14
0.0000 120.3045 90.7335 107.5779 91.8716 92.9762 91.6776 111.5296 92.9864 89.3281 134.4052 67.4605 134.0347 66.4389
120.3045 0.0000 149.2619 68.7344 94.8029 89.1195 92.7792 78.8217 117.5802 81.8889 90.4598 89.1970 91.5469 122.0341
90.7335 149.2619 0.0000 94.7193 116.8602 126.5371 75.7319 102.4587 90.5629 75.4787 74.3045 128.8563 112.8680 145.2395
107.5779 68.7344 94.7193 0.0000 89.0836 61.4599 72.9756 87.1793 69.8267 76.1275 136.9755 110.4211 113.5675 124.0567
91.8716 94.8029 116.8602 89.0836 0.0000 110.7292 125.1443 112.8522 92.3288 78.5815 110.7623 98.7834 132.1713 115.2584
92.9762 89.1195 126.5371 61.4599 110.7292 0.0000 92.8253 62.9091 95.7310 94.0766 120.6904 106.9490 60.4409 110.0893
91.6776 92.7792 75.7319 72.9756 125.1443 92.8253 0.0000 92.0105 120.6525 107.2199 94.8431 78.7438 96.4412 94.1411
111.5296 78.8217 102.4587 87.1793 112.8522 62.9091 92.0105 0.0000 90.2856 139.6212 64.3344 98.4280 97.0469 101.8511
92.9864 117.5802 90.5629 69.8267 92.3288 95.7310 120.6525 90.2856 0.0000 146.3332 126.2137 97.6522 78.5551 80.7605
89.3281 81.8889 75.4787 76.1275 78.5815 94.0766 107.2199 139.6212 146.3332 0.0000 106.6469 127.4172 98.9040 93.1675
134.4052 90.4598 74.3045 136.9755 110.7623 120.6904 94.8431 64.3344 126.2137 106.6469 0.0000 84.2197 74.2054 130.4792
67.4605 89.1970 128.8563 110.4211 98.7834 106.9490 78.7438 98.4280 97.6522 127.4172 84.2197 0.0000 106.2994 95.2783
134.0347 91.5469 112.8680 113.5675 132.1713 60.4409 96.4412 97.0469 78.5551 98.9040 74.2054 106.2994 0.0000 87.6817
66.4389 122.0341 145.2395 124.0567 115.2584 110.0893 94.1411 101.8511 80.7605 93.1675 130.4792 95.2783 87.6817 0.0000
