14
0.0000 128.1014 117.4254 143.8367 136.1438 4.1356 16.9753 127.7867 103.7908 35.6703 62.4378 106.5213 249.7104 126.1007
128.1014 0.0000 162.6668 31.9969 209.8765 55.9394 96.2685 197.4752 338.2436 80.5633 183.6745 225.0032 60.0140 19.3483
117.4254 162.6668 0.0000 38.9921 48.0481 183.0608 101.6405 22.2596 167.7233 210.9659 40.6981 252.7705 45.2120 9.3513
143.8367 31.9969 38.9921 0.0000 79.7491 7.8085 97.3217 361.1155 102.0098 190.1603 209.3578 186.5331 102.0735 211.1484
136.1438 209.8765 48.0481 79.7491 0.0000 62.6862 174.2008 152.1008 137.8462 197.5727 92.8415 22.9070 328.0610 185.0281
4.1356 55.9394 183.0608 7.8085 62.6862 0.0000 88.7839 4.2559 45.1593 53.2828 179.8578 42.2731 56.2221 168.8299
16.9753 96.2685 101.6405 97.3217 174.2008 88.7839 0.0000 55.4558 121.3805 90.5542 51.3598 145.7903 94.3684 107.5892
127.7867 197.4752 22.2596 361.1155 152.1008 4.2559 55.4558 0.0000 263.9751 156.9596 86.7765 147.8087 289.0850 103.9797
103.7908 338.2436 167.7233 102.0098 137.8462 45.1593 121.3805 263.9751 0.0000 59.2703 141.0843 108.9862 106.2237 211.2934
35.6703 80.5633 210.9659 190.1603 197.5727 53.2828 90.5542 156.9596 59.2703 0.0000 70.5496 333.3268 135.7063 165.5141
62.4378 183.6745 40.6981 209.3578 92.8415 179.8578 51.3598 86.7765 141.0843 70.5496 0.0000 35.4494 139.1253 185.7550
106.5213 225.0032 252.7705 186.5331 22.9070 42.2731 145.7903 147.8087 108.9862 333.3268 35.4494 0.0000 218.7851 86.0143
249.7104 60.0140 45.2120 102.0735 328.0610 56.2221 94.3684 289.0850 106.2237 135.7063 139.1253 218.7851 0.0000 289.6335
126.1007 19.3483 9.3513 211.1484 185.0281 168.8299 107.5892 103.9797 211.2934 165.5141 185.7550 86.0143 289.6335 0.0000
