14
0.0000 137.0799 34.9270 117.4869 94.6660 98.2371 85.2379 84.5491 107.5182 107.7372 47.2338 100.1058 131.7171 119.7828
137.0799 0.0000 145.7548 109.1247 124.4063 90.5932 117.2377 65.2150 13.7162 152.4721 193.5130 112.5642 106.0228 87.5265
34.9270 145.7548 0.0000 58.2503 103.5310 124.3744 126.1674 102.3251 111.5053 122.5396 98.0011 93.9994 139.0916 155.3516
117.4869 109.1247 58.2503 0.0000 88.4648 137.9475 139.3745 46.0863 152.2091 109.4741 74.7944 85.6879 92.5791 119.6596
94.6660 124.4063 103.5310 88.4648 0.0000 80.7258 131.6535 120.3331 74.4642 141.8121 129.9407 82.9910 121.4015 143.8727
98.2371 90.5932 124.3744 137.9475 80.7258 0.0000 84.4253 93.8106 96.0177 96.2653 155.1191 43.2747 69.9937 116.8762
85.2379 117.2377 126.1674 139.3745 131.6535 84.4253 0.0000 129.4785 50.8486 110.9156 134.4139 123.3146 89.0398 80.2134
84.5491 65.2150 102.3251 46.0863 120.3331 93.8106 129.4785 0.0000 90.9337 129.5211 112.0260 39.4946 98.2082 118.3680
107.5182 13.7162 111.5053 152.2091 74.4642 96.0177 50.8486 90.9337 0.0000 75.4900 98.8897 137.9057 112.5560 80.8110
107.7372 152.4721 122.5396 109.4741 141.8121 96.2653 110.9156 129.5211 75.4900 0.0000 98.7139 93.8860 85.4745 122.5844
47.2338 193.5130 98.0011 74.7944 129.9407 155.1191 134.4139 112.0260 98.8897 98.7139 0.0000 133.2283 101.4436 98.4774
100.1058 112.5642 93.9994 85.6879 82.9910 43.2747 123.3146 39.4946 137.9057 93.8860 133.2283 0.0000 70.3363 112.7750
131.7171 106.0228 139.0916 92.5791 121.4015 69.9937 89.0398 98.2082 112.5560 85.4745 101.4436 70.3363 0.0000 47.8164
119.7828 87.5265 155.3516 119.6596 143.8727 116.8762 80.2134 118.3680 80.8110 122.5844 98.4774 112.7750 47.8164 0.0000
