14
0.0000 104.4456 36.5671 115.0333 57.2503 105.0310 94.5713 45.8997 91.9247 147.1374 102.2458 176.3758 122.7574 134.3482
104.4456 0.0000 89.0342 88.1438 135.8405 93.9407 160.0508 97.4367 96.9738 93.2375 66.4240 83.7963 65.4483 154.7554
36.5671 89.0342 0.0000 51.9612 31.4726 13.2569 155.2039 94.3699 44.4202 35.2699 89.6413 181.4051 119.7052 51.0597
115.0333 88.1438 51.9612 0.0000 57.0177 97.7049 79.1927 9.8921 109.0579 43.0466 163.8007 80.6510 41.4812 135.5247
57.2503 135.8405 31.4726 57.0177 0.0000 96.1540 95.6304 102.6298 228.8121 43.1281 19.3895 187.2106 65.4752 41.1220
105.0310 93.9407 13.2569 97.7049 96.1540 0.0000 107.7193 72.8003 73.1163 75.4117 118.2514 29.6449 197.8103 165.1433
94.5713 160.0508 155.2039 79.1927 95.6304 107.7193 0.0000 40.3020 64.5074 30.5771 181.4862 93.1746 108.5599 94.9850
45.8997 97.4367 94.3699 9.8921 102.6298 72.8003 40.3020 0.0000 105.6002 164.0623 59.1170 102.6518 106.0342 73.7770
91.9247 96.9738 44.4202 109.0579 228.8121 73.1163 64.5074 105.6002 0.0000 149.1027 100.8739 53.3069 67.9365 64.4908
147.1374 93.2375 35.2699 43.0466 43.1281 75.4117 30.5771 164.0623 149.1027 0.0000 50.1756 121.7428 120.4752 140.9445
102.2458 66.4240 89.6413 163.8007 19.3895 118.2514 181.4862 59.1170 100.8739 50.1756 0.0000 104.4563 116.2275 69.5709
176.3758 83.7963 181.4051 80.6510 187.2106 29.6449 93.1746 102.6518 53.3069 121.7428 104.4563 0.0000 35.7195 64.1980
122.7574 65.4483 119.7052 41.4812 65.4752 197.8103 108.5599 106.0342 67.9365 120.4752 116.2275 35.7195 0.0000 192.9417
134.3482 154.7554 51.0597 135.5247 41.1220 165.1433 94.9850 73.7770 64.4908 140.9445 69.5709 64.1980 192.9417 0.0000
