14
0.0000 124.0399 10.7283 84.5878 234.9077 228.0498 29.8379 110.5506 157.7599 101.9016 0.3102 66.9401 132.0350 238.8171
124.0399 0.0000 49.7358 143.8811 77.8911 53.7890 132.3832 16.3280 46.4435 32.4825 119.8236 96.2508 139.9413 159.4780
10.7283 49.7358 0.0000 92.4472 97.9261 37.0616 160.8605 223.8431 198.3928 88.2007 125.1875 273.4457 196.2648 93.9917
84.5878 143.8811 92.4472 0.0000 96.8233 111.2722 67.5187 151.1024 226.7039 101.1278 248.3046 49.8537 162.8667 26.2579
234.9077 77.8911 97.9261 96.8233 0.0000 19.9458 259.6770 95.2174 32.1772 131.4288 141.6963 64.6846 98.5358 115.9078
228.0498 53.7890 37.0616 111.2722 19.9458 0.0000 102.5080 260.8119 155.1273 69.9304 39.7278 161.0845 201.4373 149.4411
29.8379 132.3832 160.8605 67.5187 259.6770 102.5080 0.0000 204.2670 199.6556 68.3693 81.7854 127.6518 53.5042 132.3596
110.5506 16.3280 223.8431 151.1024 95.2174 260.8119 204.2670 0.0000 70.5790 15.9155 13.0597 129.5418 3.4503 6.7611
157.7599 46.4435 198.3928 226.7039 32.1772 155.1273 199.6556 70.5790 0.0000 82.9072 238.5979 157.6858 208.0062 68.6194
101.9016 32.4825 88.2007 101.1278 131.4288 69.9304 68.3693 15.9155 82.9072 0.0000 320.8480 149.2227 54.2667 196.1631
0.3102 119.8236 125.1875 248.3046 141.6963 39.7278 81.7854 13.0597 238.5979 320.8480 0.0000 78.0165 47.5088 96.5028
66.9401 96.2508 273.4457 49.8537 64.6846 161.0845 127.6518 129.5418 157.6858 149.2227 78.0165 0.0000 135.6898 103.2728
132.0350 139.9413 196.2648 162.8667 98.5358 201.4373 53.5042 3.4503 208.0062 54.2667 47.5088 135.6898 0.0000 45.3774
238.8171 159.4780 93.9917 26.2579 115.9078 149.4411 132.3596 6.7611 68.6194 196.1631 96.5028 103.2728 45.3774 0.0000
