14
0.0000 166.3350 175.6124 304.8481 122.2118 55.8229 208.0044 197.2738 142.0732 105.0872 149.6145 171.2568 125.0194 75.6104
166.3350 0.0000 152.4922 33.0696 197.1801 0.5255 114.9112 273.7007 25.8154 39.7970 53.7693 74.3063 122.0980 73.9027
175.6124 152.4922 0.0000 103.0862 102.0086 15.5394 81.9788 241.9837 92.8285 129.0629 14.9392 201.7180 139.4697 51.3107
304.8481 33.0696 103.0862 0.0000 160.3082 98.1977 54.8888 71.8575 229.5414 265.7261 35.3845 10.5508 97.1136 95.9770
122.2118 197.1801 102.0086 160.3082 0.0000 82.9213 202.3880 122.1952 207.9684 20.1625 260.2147 64.8795 175.4502 125.3683
55.8229 0.5255 15.5394 98.1977 82.9213 0.0000 130.1876 102.8904 23.4360 135.2883 151.9510 149.0442 47.3877 157.1099
208.0044 114.9112 81.9788 54.8888 202.3880 130.1876 0.0000 140.9853 266.9256 138.8376 107.7370 82.3967 203.7354 76.3059
197.2738 273.7007 241.9837 71.8575 122.1952 102.8904 140.9853 0.0000 89.3433 208.3303 101.9565 164.8785 174.1448 245.5215
142.0732 25.8154 92.8285 229.5414 207.9684 23.4360 266.9256 89.3433 0.0000 235.8539 79.7352 204.6167 69.4382 14.7168
105.0872 39.7970 129.0629 265.7261 20.1625 135.2883 138.8376 208.3303 235.8539 0.0000 127.8856 125.3601 19.8568 126.6062
149.6145 53.7693 14.9392 35.3845 260.2147 151.9510 107.7370 101.9565 79.7352 127.8856 0.0000 66.5872 22.9232 168.7192
171.2568 74.3063 201.7180 10.5508 64.8795 149.0442 82.3967 164.8785 204.6167 125.3601 66.5872 0.0000 174.7296 2.5911
125.0194 122.0980 139.4697 97.1136 175.4502 47.3877 203.7354 174.1448 69.4382 19.8568 22.9232 174.7296 0.0000 213.2617
75.6104 73.9027 51.3107 95.9770 125.3683 157.1099 76.3059 245.5215 14.7168 126.6062 168.7192 2.5911 213.2617 0.0000
