14
0.0000 21.1062 85.8682 75.5297 99.5910 154.9432 14.7302 10.3961 105.2756 38.8625 45.3408 68.7822 68.6969 106.9509
21.1062 0.0000 47.6922 141.3064 114.5588 23.6118 85.1281 79.9882 68.4992 130.4964 113.2184 124.9240 81.9206 155.8482
85.8682 47.6922 0.0000 55.1860 193.6675 106.4762 13.1933 93.4467 99.6403 59.6053 135.6725 131.1352 176.8900 184.3776
75.5297 141.3064 55.1860 0.0000 80.1445 20.5699 36.0936 90.9072 103.5643 126.4925 76.1750 111.7865 85.4682 90.3302
99.5910 114.5588 193.6675 80.1445 0.0000 56.9905 160.0261 13.5362 191.6972 22.9190 103.9515 121.0624 66.3316 139.0525
154.9432 23.6118 106.4762 20.5699 56.9905 0.0000 18.0163 19.5685 86.8596 49.2202 107.3784 150.1697 146.2195 146.6035
14.7302 85.1281 13.1933 36.0936 160.0261 18.0163 0.0000 153.5197 105.3269 97.1671 58.5584 87.4849 153.6304 121.0995
10.3961 79.9882 93.4467 90.9072 13.5362 19.5685 153.5197 0.0000 19.2411 82.6459 241.9908 179.3890 131.3795 142.6231
105.2756 68.4992 99.6403 103.5643 191.6972 86.8596 105.3269 19.2411 0.0000 68.0805 102.8359 76.2637 150.3180 33.4722
38.8625 130.4964 59.6053 126.4925 22.9190 49.2202 97.1671 82.6459 68.0805 0.0000 56.3061 92.9149 10.1535 139.1786
45.3408 113.2184 135.6725 76.1750 103.9515 107.3784 58.5584 241.9908 102.8359 56.3061 0.0000 111.7549 148.8797 179.1650
68.7822 124.9240 131.1352 111.7865 121.0624 150.1697 87.4849 179.3890 76.2637 92.9149 111.7549 0.0000 5.6631 54.7421
68.6969 81.9206 176.8900 85.4682 66.3316 146.2195 153.6304 131.3795 150.3180 10.1535 148.8797 5.6631 0.0000 52.5007
106.9509 155.8482 184.3776 90.3302 139.0525 146.6035 121.0995 142.6231 33.4722 139.1786 179.1650 54.7421 52.5007 0.0000
