14
0.0000 107.0389 143.3851 134.6253 175.8843 116.1495 236.1229 268.3964 40.0436 288.2205 143.1083 199.7412 165.7880 36.4320
107.0389 0.0000 59.2952 125.7757 218.7626 99.8682 47.0031 15.9697 98.8980 111.3737 99.3377 206.2922 47.8805 129.9762
143.3851 59.2952 0.0000 102.3219 145.0969 111.3454 30.8420 6.5413 153.4621 33.1348 61.1775 252.9111 65.9275 103.6320
134.6253 125.7757 102.3219 0.0000 93.6771 128.4294 169.3795 130.6976 94.9360 44.7307 180.7661 164.1287 147.3393 80.3155
175.8843 218.7626 145.0969 93.6771 0.0000 93.3091 195.7517 317.8413 50.3388 238.1905 7.1143 111.7156 164.5622 122.9026
116.1495 99.8682 111.3454 128.4294 93.3091 0.0000 10.6209 11.7176 80.6600 87.1556 150.3812 135.7496 107.1386 15.5742
236.1229 47.0031 30.8420 169.3795 195.7517 10.6209 0.0000 32.8546 239.3979 26.4787 77.9930 188.5077 29.0638 134.5358
268.3964 15.9697 6.5413 130.6976 317.8413 11.7176 32.8546 0.0000 219.4765 189.6173 115.7482 137.2821 82.3948 169.3146
40.0436 98.8980 153.4621 94.9360 50.3388 80.6600 239.3979 219.4765 0.0000 28.9745 29.0603 30.8952 335.7677 82.4082
288.2205 111.3737 33.1348 44.7307 238.1905 87.1556 26.4787 189.6173 28.9745 0.0000 151.2891 53.7835 0.9277 176.4615
143.1083 99.3377 61.1775 180.7661 7.1143 150.3812 77.9930 115.7482 29.0603 151.2891 0.0000 233.8100 107.0527 56.0409
199.7412 206.2922 252.9111 164.1287 111.7156 135.7496 188.5077 137.2821 30.8952 53.7835 233.8100 0.0000 25.6069 64.7967
165.7880 47.8805 65.9275 147.3393 164.5622 107.1386 29.0638 82.3948 335.7677 0.9277 107.0527 25.6069 0.0000 112.3620
36.4320 129.9762 103.6320 80.3155 122.9026 15.5742 134.5358 169.3146 82.4082 176.4615 56.0409 64.7967 112.3620 0.0000
