14
0.0000 112.2477 92.5104 87.6350 117.6778 94.5216 63.4313 71.9875 94.3003 114.0779 93.0976 93.2845 113.5209 132.8267
112.2477 0.0000 76.5719 90.4962 44.5809 119.2021 84.7255 107.7426 87.3700 78.2265 93.2614 116.0049 79.8003 109.4941
92.5104 76.5719 0.0000 103.9633 115.2476 93.1851 127.4823 124.5875 115.8011 116.7539 118.3210 96.8444 94.0376 144.2445
87.6350 90.4962 103.9633 0.0000 97.4041 96.2926 77.4782 116.2094 83.4468 70.5260 78.0400 84.0208 127.7023 96.4164
117.6778 44.5809 115.2476 97.4041 0.0000 99.5894 85.0252 87.7698 89.2889 88.4420 78.9463 102.2280 133.8603 103.2777
94.5216 119.2021 93.1851 96.2926 99.5894 0.0000 87.2382 80.0355 116.5396 101.0237 103.4469 146.7935 95.7773 108.8161
63.4313 84.7255 127.4823 77.4782 85.0252 87.2382 0.0000 109.6023 88.6648 80.9000 109.6076 131.4877 85.8025 98.5932
71.9875 107.7426 124.5875 116.2094 87.7698 80.0355 109.6023 0.0000 112.1961 118.7929 121.2893 81.6498 62.3263 77.5661
94.3003 87.3700 115.8011 83.4468 89.2889 116.5396 88.6648 112.1961 0.0000 147.0322 117.5081 124.3454 98.5188 74.2357
114.0779 78.2265 116.7539 70.5260 88.4420 101.0237 80.9000 118.7929 147.0322 0.0000 102.8188 92.4417 95.9306 30.9480
93.0976 93.2614 118.3210 78.0400 78.9463 103.4469 109.6076 121.2893 117.5081 102.8188 0.0000 121.3299 105.2780 61.8391
93.2845 116.0049 96.8444 84.0208 102.2280 146.7935 131.4877 81.6498 124.3454 92.4417 121.3299 0.0000 105.2918 98.6945
113.5209 79.8003 94.0376 127.7023 133.8603 95.7773 85.8025 62.3263 98.5188 95.9306 105.2780 105.2918 0.0000 142.4026
132.8267 109.4941 144.2445 96.4164 103.2777 108.8161 98.5932 77.5661 74.2357 30.9480 61.8391 98.6945 142.4026 0.0000
