14
0.0000 137.9934 130.3399 33.1678 12.8225 42.7635 136.3168 98.1102 59.1146 54.5153 26.1265 70.2332 149.9247 120.7210
137.9934 0.0000 142.8038 146.5065 28.0959 99.4586 56.6012 146.2876 33.7144 109.6157 141.0237 64.8127 113.2431 115.7515
130.3399 142.8038 0.0000 104.0466 162.7425 177.3838 63.5599 144.3926 104.5119 96.9941 78.3564 89.6385 50.3116 84.8899
33.1678 146.5065 104.0466 0.0000 53.2262 105.9031 55.3154 99.9400 61.6065 116.3828 106.0184 10.2947 103.9016 119.0998
12.8225 28.0959 162.7425 53.2262 0.0000 118.6308 99.6560 80.0576 121.0357 209.6901 60.7110 125.8827 26.5598 85.4112
42.7635 99.4586 177.3838 105.9031 118.6308 0.0000 128.3015 77.1092 94.2555 83.4998 123.2891 86.1923 146.3529 111.9769
136.3168 56.6012 63.5599 55.3154 99.6560 128.3015 0.0000 147.8751 143.8194 91.4443 108.6692 68.3330 93.2390 66.1360
98.1102 146.2876 144.3926 99.9400 80.0576 77.1092 147.8751 0.0000 71.9397 105.3471 82.8043 87.9859 222.6829 65.7843
59.1146 33.7144 104.5119 61.6065 121.0357 94.2555 143.8194 71.9397 0.0000 116.0268 113.9467 145.4366 56.6628 87.0566
54.5153 109.6157 96.9941 116.3828 209.6901 83.4998 91.4443 105.3471 116.0268 0.0000 48.5974 139.1490 79.7984 133.2023
26.1265 141.0237 78.3564 106.0184 60.7110 123.2891 108.6692 82.8043 113.9467 48.5974 0.0000 127.8230 228.2802 114.4634
70.2332 64.8127 89.6385 10.2947 125.8827 86.1923 68.3330 87.9859 145.4366 139.1490 127.8230 0.0000 125.1061 109.9045
149.9247 113.2431 50.3116 103.9016 26.5598 146.3529 93.2390 222.6829 56.6628 79.7984 228.2802 125.1061 0.0000 35.4428
120.7210 115.7515 84.8899 119.0998 85.4112 111.9769 66.1360 65.7843 87.0566 133.2023 114.4634 109.9045 35.4428 0.0000
