14
0.0000 102.4207 121.1028 99.5711 104.4638 115.8793 85.5050 108.4436 104.2930 94.7630 87.9462 82.6032 99.2520 89.7228
102.4207 0.0000 94.8125 112.3367 119.1971 87.1838 93.0533 97.4358 94.6426 99.2051 100.6136 89.1186 90.3091 99.4827
121.1028 94.8125 0.0000 99.6993 103.0386 108.0389 113.2402 99.2183 101.3788 91.0198 104.2422 88.3981 112.9540 96.9799
99.5711 112.3367 99.6993 0.0000 96.5582 106.0805 97.8272 104.9492 113.0731 114.0716 84.4128 94.5454 113.6376 92.6687
104.4638 119.1971 103.0386 96.5582 0.0000 103.1251 96.9462 103.5045 95.7761 107.1802 106.6473 114.8994 100.0942 104.8320
115.8793 87.1838 108.0389 106.0805 103.1251 0.0000 117.8270 93.9813 102.2922 104.4925 101.8535 96.3917 98.3375 96.0003
85.5050 93.0533 113.2402 97.8272 96.9462 117.8270 0.0000 131.7090 113.5237 99.0245 97.5929 101.9855 103.3339 112.9585
108.4436 97.4358 99.2183 104.9492 103.5045 93.9813 131.7090 0.0000 87.1958 89.6238 106.8118 108.9544 101.4269 113.7359
104.2930 94.6426 101.3788 113.0731 95.7761 102.2922 113.5237 87.1958 0.0000 117.0939 101.7195 112.8378 81.2371 101.4854
94.7630 99.2051 91.0198 114.0716 107.1802 104.4925 99.0245 89.6238 117.0939 0.0000 101.5891 112.3734 100.1008 105.3432
87.9462 100.6136 104.2422 84.4128 106.6473 101.8535 97.5929 106.8118 101.7195 101.5891 0.0000 106.7431 98.2927 98.2256
82.6032 89.1186 88.3981 94.5454 114.8994 96.3917 101.9855 108.9544 112.8378 112.3734 106.7431 0.0000 99.9436 109.9361
99.2520 90.3091 112.9540 113.6376 100.0942 98.3375 103.3339 101.4269 81.2371 100.1008 98.2927 99.9436 0.0000 100.5010
89.7228 99.4827 96.9799 92.6687 104.8320 96.0003 112.9585 113.7359 101.4854 105.3432 98.2256 109.9361 100.5010 0.0000
