14
0.0000 44.4209 43.7164 94.7783 15.2117 64.1040 182.7061 159.3933 162.6230 13.5334 147.8308 127.3650 209.7543 104.0698
44.4209 0.0000 178.4404 264.6850 26.1090 122.8743 33.2382 138.2546 187.9128 113.2322 101.8770 239.3471 243.8869 60.8554
43.7164 178.4404 0.0000 87.3627 110.6149 48.4042 256.3496 148.5506 148.2502 1.1669 96.6480 184.5215 1.4301 60.8364
94.7783 264.6850 87.3627 0.0000 18.0390 113.7123 33.9043 298.6360 62.1075 148.2524 153.9875 229.2872 122.8913 77.9387
15.2117 26.1090 110.6149 18.0390 0.0000 85.7711 107.7908 76.0244 66.9762 125.7516 178.2143 182.9953 89.1350 30.3963
64.1040 122.8743 48.4042 113.7123 85.7711 0.0000 171.3144 176.5992 88.6059 30.0304 128.1982 46.2324 24.1183 74.6890
182.7061 33.2382 256.3496 33.9043 107.7908 171.3144 0.0000 262.7898 102.2260 68.7772 54.6276 128.6084 121.9384 81.0666
159.3933 138.2546 148.5506 298.6360 76.0244 176.5992 262.7898 0.0000 70.9344 94.4053 213.0859 113.3213 166.8672 10.7867
162.6230 187.9128 148.2502 62.1075 66.9762 88.6059 102.2260 70.9344 0.0000 77.1602 184.2105 189.6289 94.2939 91.4904
13.5334 113.2322 1.1669 148.2524 125.7516 30.0304 68.7772 94.4053 77.1602 0.0000 121.5520 226.3592 221.5228 109.8301
147.8308 101.8770 96.6480 153.9875 178.2143 128.1982 54.6276 213.0859 184.2105 121.5520 0.0000 134.1911 139.3446 226.2526
127.3650 239.3471 184.5215 229.2872 182.9953 46.2324 128.6084 113.3213 189.6289 226.3592 134.1911 0.0000 61.3037 92.9144
209.7543 243.8869 1.4301 122.8913 89.1350 24.1183 121.9384 166.8672 94.2939 221.5228 139.3446 61.3037 0.0000 44.2848
104.0698 60.8554 60.8364 77.9387 30.3963 74.6890 81.0666 10.7867 91.4904 109.8301 226.2526 92.9144 44.2848 0.0000
