15
0.0000 180.1875 143.1047 168.7274 72.3220 89.6211 184.3728 105.6318 68.9458 162.8460 74.8058 198.6916 70.4337 79.1071 241.3891
180.1875 0.0000 93.1942 151.3094 126.7222 59.2468 52.4824 121.8490 28.9081 47.9084 223.7198 223.3991 84.1183 59.1976 78.6174
143.1047 93.1942 0.0000 126.0994 45.8429 50.1455 129.2109 114.5055 231.2169 62.1279 47.0852 126.1022 47.2992 213.9592 117.6300
168.7274 151.3094 126.0994 0.0000 235.1058 143.2922 87.4774 170.2165 14.7665 22.1274 78.4025 142.7103 58.4988 111.6794 189.6283
72.3220 126.7222 45.8429 235.1058 0.0000 97.1443 67.2607 53.2543 187.6021 132.9460 279.2370 195.5003 154.1182 345.7721 64.6673
89.6211 59.2468 50.1455 143.2922 97.1443 0.0000 175.9269 17.2211 196.7596 28.1608 253.4685 59.9130 26.4543 189.0172 151.8531
184.3728 52.4824 129.2109 87.4774 67.2607 175.9269 0.0000 49.2455 142.3794 155.9731 14.7043 118.7700 35.0337 60.8489 90.9843
105.6318 121.8490 114.5055 170.2165 53.2543 17.2211 49.2455 0.0000 36.3985 63.7187 81.2487 19.5652 106.2440 91.5822 81.3578
68.9458 28.9081 231.2169 14.7665 187.6021 196.7596 142.3794 36.3985 0.0000 108.6188 161.8141 91.9285 175.4684 205.1290 64.9849
162.8460 47.9084 62.1279 22.1274 132.9460 28.1608 155.9731 63.7187 108.6188 0.0000 140.8934 23.7134 110.5176 35.5114 260.2108
74.8058 223.7198 47.0852 78.4025 279.2370 253.4685 14.7043 81.2487 161.8141 140.8934 0.0000 106.1542 116.8795 169.6413 50.5754
198.6916 223.3991 126.1022 142.7103 195.5003 59.9130 118.7700 19.5652 91.9285 23.7134 106.1542 0.0000 76.1632 112.5900 72.8166
70.4337 84.1183 47.2992 58.4988 154.1182 26.4543 35.0337 106.2440 175.4684 110.5176 116.8795 76.1632 0.0000 115.1604 324.4734
79.1071 59.1976 213.9592 111.6794 345.7721 189.0172 60.8489 91.5822 205.1290 35.5114 169.6413 112.5900 115.1604 0.0000 113.0379
241.3891 78.6174 117.6300 189.6283 64.6673 151.8531 90.9843 81.3578 64.9849 260.2108 50.5754 72.8166 324.4734 113.0379 0.0000
