15
0.0000 194.0649 248.8768 97.2952 77.9030 125.0182 43.1390 106.2171 39.5468 138.9462 139.2905 196.2045 178.7927 167.2898 57.0798
194.0649 0.0000 298.2560 60.7992 129.2249 170.6102 97.3697 114.1787 206.7984 31.9207 125.5240 168.5312 13.6700 41.8160 165.4653
248.8768 298.2560 0.0000 288.4313 227.9109 208.9039 91.6448 153.0478 189.7598 235.2198 11.4492 90.6920 224.1106 84.3795 116.4074
97.2952 60.7992 288.4313 0.0000 251.1342 6.9554 224.8249 120.4823 231.6135 42.6615 113.2963 183.7851 86.4379 139.6402 96.7429
77.9030 129.2249 227.9109 251.1342 0.0000 176.9515 20.7025 36.9505 174.6369 37.9529 19.1718 105.0462 102.8397 170.6153 252.9402
125.0182 170.6102 208.9039 6.9554 176.9515 0.0000 38.9442 235.2800 209.5101 153.0854 107.5301 195.4117 86.6819 59.0740 35.2755
43.1390 97.3697 91.6448 224.8249 20.7025 38.9442 0.0000 68.3623 44.0165 214.6001 119.8619 28.6164 85.4812 96.2394 19.3767
106.2171 114.1787 153.0478 120.4823 36.9505 235.2800 68.3623 0.0000 132.0744 128.4840 60.0887 24.7244 360.9562 76.0016 44.4833
39.5468 206.7984 189.7598 231.6135 174.6369 209.5101 44.0165 132.0744 0.0000 136.7771 161.1298 91.1802 190.4816 63.0743 36.3646
138.9462 31.9207 235.2198 42.6615 37.9529 153.0854 214.6001 128.4840 136.7771 0.0000 150.9601 129.5436 191.2247 99.5512 34.2582
139.2905 125.5240 11.4492 113.2963 19.1718 107.5301 119.8619 60.0887 161.1298 150.9601 0.0000 173.0524 28.5980 233.1461 126.3711
196.2045 168.5312 90.6920 183.7851 105.0462 195.4117 28.6164 24.7244 91.1802 129.5436 173.0524 0.0000 133.9368 158.1213 117.7942
178.7927 13.6700 224.1106 86.4379 102.8397 86.6819 85.4812 360.9562 190.4816 191.2247 28.5980 133.9368 0.0000 163.9270 65.2461
167.2898 41.8160 84.3795 139.6402 170.6153 59.0740 96.2394 76.0016 63.0743 99.5512 233.1461 158.1213 163.9270 0.0000 81.3496
57.0798 165.4653 116.4074 96.7429 252.9402 35.2755 19.3767 44.4833 36.3646 34.2582 126.3711 117.7942 65.2461 81.3496 0.0000
