15
0.0000 110.6439 254.4747 15.3867 84.9475 129.5183 249.3876 275.6258 15.2514 122.1756 142.3742 189.4446 96.8215 22.5829 53.2916
110.6439 0.0000 61.7846 98.5921 112.3397 47.5002 242.9719 94.8795 145.5415 399.7007 22.9037 179.1789 58.8315 21.8621 253.6135
254.4747 61.7846 0.0000 77.0418 36.9561 149.3691 101.6883 187.1236 249.5163 102.4822 154.6422 56.2375 94.1311 164.1279 182.0633
15.3867 98.5921 77.0418 0.0000 181.6197 181.1154 187.2120 302.7812 65.3011 171.4555 138.2333 197.9222 123.4033 291.9985 26.5713
84.9475 112.3397 36.9561 181.6197 0.0000 59.6913 100.4853 55.1368 45.5891 82.4742 83.0017 186.6391 10.1292 103.0337 23.3228
129.5183 47.5002 149.3691 181.1154 59.6913 0.0000 150.1111 154.8718 81.7637 161.3697 198.0508 167.9173 112.1791 57.3065 152.3234
249.3876 242.9719 101.6883 187.2120 100.4853 150.1111 0.0000 76.2010 132.7761 8.4794 48.4241 18.4564 51.5321 92.7337 71.8160
275.6258 94.8795 187.1236 302.7812 55.1368 154.8718 76.2010 0.0000 31.9245 121.1071 163.9672 8.7088 57.2476 168.8477 5.5762
15.2514 145.5415 249.5163 65.3011 45.5891 81.7637 132.7761 31.9245 0.0000 165.1158 155.3241 5.1950 60.1665 215.3936 135.4012
122.1756 399.7007 102.4822 171.4555 82.4742 161.3697 8.4794 121.1071 165.1158 0.0000 243.9395 6.0225 27.1236 258.2769 99.2617
142.3742 22.9037 154.6422 138.2333 83.0017 198.0508 48.4241 163.9672 155.3241 243.9395 0.0000 93.6491 170.5601 119.1363 188.3375
189.4446 179.1789 56.2375 197.9222 186.6391 167.9173 18.4564 8.7088 5.1950 6.0225 93.6491 0.0000 162.1163 13.8144 115.2514
96.8215 58.8315 94.1311 123.4033 10.1292 112.1791 51.5321 57.2476 60.1665 27.1236 170.5601 162.1163 0.0000 6.1954 322.0697
22.5829 21.8621 164.1279 291.9985 103.0337 57.3065 92.7337 168.8477 215.3936 258.2769 119.1363 13.8144 6.1954 0.0000 106.6507
53.2916 253.6135 182.0633 26.5713 23.3228 152.3234 71.8160 5.5762 135.4012 99.2617 188.3375 115.2514 322.0697 106.6507 0.0000
