15
0.0000 91.0242 146.0901 15.0880 166.0031 11.8328 49.6989 19.1441 93.8501 39.7861 155.7824 15.7250 147.5523 74.3950 215.8152
91.0242 0.0000 25.2161 126.7328 49.6362 90.4674 49.2240 87.2101 135.6668 138.0564 65.3205 142.5014 161.2442 97.9491 168.0230
146.0901 25.2161 0.0000 53.3362 42.6588 167.9026 228.1757 83.1919 206.6892 228.0768 187.0908 150.7023 97.0471 39.2431 40.6010
15.0880 126.7328 53.3362 0.0000 193.3645 109.8609 103.9124 123.0063 162.1128 104.2466 18.1755 153.7334 57.0506 134.5220 120.2115
166.0031 49.6362 42.6588 193.3645 0.0000 146.4752 116.4186 173.0752 172.9064 33.8708 98.4328 50.4886 114.1423 92.8755 116.5854
11.8328 90.4674 167.9026 109.8609 146.4752 0.0000 80.5002 45.7397 258.5684 128.6250 159.9946 82.1227 34.8928 202.6537 126.4741
49.6989 49.2240 228.1757 103.9124 116.4186 80.5002 0.0000 191.2021 49.1928 120.1050 210.9856 198.1138 91.7008 53.6906 70.0026
19.1441 87.2101 83.1919 123.0063 173.0752 45.7397 191.2021 0.0000 94.4434 2.8967 58.4883 172.6366 111.8887 45.3498 190.3739
93.8501 135.6668 206.6892 162.1128 172.9064 258.5684 49.1928 94.4434 0.0000 110.0328 78.0012 96.8152 61.8902 124.2268 167.6253
39.7861 138.0564 228.0768 104.2466 33.8708 128.6250 120.1050 2.8967 110.0328 0.0000 134.4822 101.6161 156.8985 70.0150 104.1728
155.7824 65.3205 187.0908 18.1755 98.4328 159.9946 210.9856 58.4883 78.0012 134.4822 0.0000 105.0413 219.0264 208.2285 50.1605
15.7250 142.5014 150.7023 153.7334 50.4886 82.1227 198.1138 172.6366 96.8152 101.6161 105.0413 0.0000 67.9114 154.7254 128.1949
147.5523 161.2442 97.0471 57.0506 114.1423 34.8928 91.7008 111.8887 61.8902 156.8985 219.0264 67.9114 0.0000 142.4985 89.7601
74.3950 97.9491 39.2431 134.5220 92.8755 202.6537 53.6906 45.3498 124.2268 70.0150 208.2285 154.7254 142.4985 0.0000 178.8730
215.8152 168.0230 40.6010 120.2115 116.5854 126.4741 70.0026 190.3739 167.6253 104.1728 50.1605 128.1949 89.7601 178.8730 0.0000
