15
0.0000 117.1650 121.0418 85.0372 67.5606 316.4123 146.3656 61.6444 106.6764 294.8169 167.2291 159.2476 184.7785 181.7910 62.3368
117.1650 0.0000 106.8649 231.6254 222.3554 23.0461 337.6757 90.1165 290.8600 75.1141 24.1253 137.9048 326.2128 56.9164 11.3104
121.0418 106.8649 0.0000 123.0289 54.8586 102.7902 108.7417 57.1763 175.5554 139.4568 199.6199 153.7850 21.3169 90.4557 74.1387
85.0372 231.6254 123.0289 0.0000 78.3058 53.2445 130.5493 163.1004 259.5829 45.7736 116.4929 196.0038 131.1677 95.5186 239.6953
67.5606 222.3554 54.8586 78.3058 0.0000 8.8137 46.3210 261.7372 48.8206 129.0712 157.5804 91.2873 75.5785 131.0966 154.2283
316.4123 23.0461 102.7902 53.2445 8.8137 0.0000 121.8831 198.3414 171.5721 85.0832 197.8313 47.5792 54.6803 14.7814 208.1186
146.3656 337.6757 108.7417 130.5493 46.3210 121.8831 0.0000 86.9657 3.0813 96.5016 13.0434 25.6068 97.5786 143.2583 56.7200
61.6444 90.1165 57.1763 163.1004 261.7372 198.3414 86.9657 0.0000 90.9732 183.5505 16.0919 363.1311 133.3464 278.5343 244.5375
106.6764 290.8600 175.5554 259.5829 48.8206 171.5721 3.0813 90.9732 0.0000 25.1252 96.0905 125.3176 148.2866 122.5363 216.8520
294.8169 75.1141 139.4568 45.7736 129.0712 85.0832 96.5016 183.5505 25.1252 0.0000 160.3006 64.4361 82.5969 20.0574 207.6909
167.2291 24.1253 199.6199 116.4929 157.5804 197.8313 13.0434 16.0919 96.0905 160.3006 0.0000 171.1844 56.5131 79.4727 268.7579
159.2476 137.9048 153.7850 196.0038 91.2873 47.5792 25.6068 363.1311 125.3176 64.4361 171.1844 0.0000 58.5270 103.1596 84.8451
184.7785 326.2128 21.3169 131.1677 75.5785 54.6803 97.5786 133.3464 148.2866 82.5969 56.5131 58.5270 0.0000 342.6469 120.4130
181.7910 56.9164 90.4557 95.5186 131.0966 14.7814 143.2583 278.5343 122.5363 20.0574 79.4727 103.1596 342.6469 0.0000 40.8459
62.3368 11.3104 74.1387 239.6953 154.2283 208.1186 56.7200 244.5375 216.8520 207.6909 268.7579 84.8451 120.4130 40.8459 0.0000
