15
0.0000 47.3126 70.7350 50.1776 229.2231 71.8666 265.9867 71.3659 169.0115 104.5674 68.4692 189.2909 221.3739 86.2937 202.1977
47.3126 0.0000 10.7017 77.1492 174.1133 36.0779 45.6979 68.3915 32.5153 102.0588 10.7602 105.2377 48.1928 130.7717 50.2133
70.7350 10.7017 0.0000 70.0798 208.2350 51.3781 270.4995 320.2921 18.3317 18.7293 160.9284 145.5883 160.3644 143.2480 91.4412
50.1776 77.1492 70.0798 0.0000 294.7197 174.8604 16.0827 156.8795 4.6025 68.7989 131.8472 25.9628 84.7039 152.3680 119.4216
229.2231 174.1133 208.2350 294.7197 0.0000 126.1069 149.6789 80.8772 253.3040 93.8773 88.2340 78.4837 109.8253 54.8604 16.9214
71.8666 36.0779 51.3781 174.8604 126.1069 0.0000 68.3681 71.2032 175.4342 39.1372 133.2289 48.4934 184.7158 10.3524 27.9643
265.9867 45.6979 270.4995 16.0827 149.6789 68.3681 0.0000 136.7082 173.1797 84.9290 30.7748 152.6591 188.6475 235.6409 119.5568
71.3659 68.3915 320.2921 156.8795 80.8772 71.2032 136.7082 0.0000 141.7423 151.5255 51.3126 64.0527 19.4875 5.5367 168.3231
169.0115 32.5153 18.3317 4.6025 253.3040 175.4342 173.1797 141.7423 0.0000 169.6317 166.4618 97.4765 138.8355 32.2543 79.1095
104.5674 102.0588 18.7293 68.7989 93.8773 39.1372 84.9290 151.5255 169.6317 0.0000 121.1833 87.7931 45.1887 142.3800 130.5389
68.4692 10.7602 160.9284 131.8472 88.2340 133.2289 30.7748 51.3126 166.4618 121.1833 0.0000 10.0902 244.0551 108.4889 201.8686
189.2909 105.2377 145.5883 25.9628 78.4837 48.4934 152.6591 64.0527 97.4765 87.7931 10.0902 0.0000 183.3994 298.4574 37.6350
221.3739 48.1928 160.3644 84.7039 109.8253 184.7158 188.6475 19.4875 138.8355 45.1887 244.0551 183.3994 0.0000 16.8595 83.1587
86.2937 130.7717 143.2480 152.3680 54.8604 10.3524 235.6409 5.5367 32.2543 142.3800 108.4889 298.4574 16.8595 0.0000 288.8809
202.1977 50.2133 91.4412 119.4216 16.9214 27.9643 119.5568 168.3231 79.1095 130.5389 201.8686 37.6350 83.1587 288.8809 0.0000
