15
0.0000 2.2244 128.2811 23.4755 42.0279 111.5390 122.7317 26.1290 119.5826 187.6595 203.0157 84.0814 104.4081 198.6962 75.6302
2.2244 0.0000 36.6215 169.4038 236.4798 154.0698 32.6495 190.0282 158.9869 86.8307 191.8619 206.0762 102.9008 123.1530 61.9449
128.2811 36.6215 0.0000 144.9549 89.1451 67.5768 135.9792 162.6537 28.7144 112.5155 131.2212 101.9754 114.0740 185.9052 72.5797
23.4755 169.4038 144.9549 0.0000 70.5052 32.8308 92.6636 107.3502 120.4404 178.0972 164.5039 54.0601 169.8027 130.1634 26.0734
42.0279 236.4798 89.1451 70.5052 0.0000 114.6396 164.1146 170.1459 68.5918 92.4121 179.0549 82.2350 148.3534 73.9463 106.4511
111.5390 154.0698 67.5768 32.8308 114.6396 0.0000 89.7729 127.9829 7.4493 72.8205 97.6840 58.0213 108.7830 52.0911 56.9184
122.7317 32.6495 135.9792 92.6636 164.1146 89.7729 0.0000 201.7414 82.7286 170.6573 162.4063 224.0266 111.7802 110.4688 115.3426
26.1290 190.0282 162.6537 107.3502 170.1459 127.9829 201.7414 0.0000 171.4841 60.0478 196.5314 103.8184 211.3038 129.5092 153.8805
119.5826 158.9869 28.7144 120.4404 68.5918 7.4493 82.7286 171.4841 0.0000 177.8140 28.2844 124.9270 218.9847 98.3598 129.2252
187.6595 86.8307 112.5155 178.0972 92.4121 72.8205 170.6573 60.0478 177.8140 0.0000 124.0636 251.0366 28.7381 134.3944 109.7766
203.0157 191.8619 131.2212 164.5039 179.0549 97.6840 162.4063 196.5314 28.2844 124.0636 0.0000 80.1279 187.7065 77.8482 187.9372
84.0814 206.0762 101.9754 54.0601 82.2350 58.0213 224.0266 103.8184 124.9270 251.0366 80.1279 0.0000 141.8307 86.0008 26.0402
104.4081 102.9008 114.0740 169.8027 148.3534 108.7830 111.7802 211.3038 218.9847 28.7381 187.7065 141.8307 0.0000 20.5661 201.0565
198.6962 123.1530 185.9052 130.1634 73.9463 52.0911 110.4688 129.5092 98.3598 134.3944 77.8482 86.0008 20.5661 0.0000 189.0428
75.6302 61.9449 72.5797 26.0734 106.4511 56.9184 115.3426 153.8805 129.2252 109.7766 187.9372 26.0402 201.0565 189.0428 0.0000
