15
0.0000 53.3751 166.8671 163.9865 44.4847 180.0757 102.0043 19.9812 56.0876 33.3927 122.2363 140.0305 124.4569 56.7110 61.8879
53.3751 0.0000 148.9743 67.1711 165.5120 216.6471 171.8713 120.8362 102.6464 197.1122 179.3930 83.3797 198.3777 111.6555 51.9295
166.8671 148.9743 0.0000 231.9764 132.8021 234.7694 158.7346 29.8952 37.1259 99.5686 63.8908 64.2406 99.8236 167.5563 78.2590
163.9865 67.1711 231.9764 0.0000 62.0222 96.3128 69.4692 137.6355 122.0010 250.2397 153.0678 189.7852 162.8624 251.0881 160.1989
44.4847 165.5120 132.8021 62.0222 0.0000 97.1707 201.4001 274.6244 149.8958 62.6731 86.0521 92.7034 229.9379 166.9477 60.0189
180.0757 216.6471 234.7694 96.3128 97.1707 0.0000 174.1074 130.1185 282.9633 101.5377 86.6239 63.0824 101.7383 182.2280 91.7510
102.0043 171.8713 158.7346 69.4692 201.4001 174.1074 0.0000 42.0161 107.6140 128.8928 14.5144 124.5726 66.2717 107.2224 78.5374
19.9812 120.8362 29.8952 137.6355 274.6244 130.1185 42.0161 0.0000 162.3089 18.1196 162.1340 130.7559 36.5315 88.5395 125.3152
56.0876 102.6464 37.1259 122.0010 149.8958 282.9633 107.6140 162.3089 0.0000 196.3719 83.7700 104.8457 114.3857 13.9670 57.7213
33.3927 197.1122 99.5686 250.2397 62.6731 101.5377 128.8928 18.1196 196.3719 0.0000 0.5188 62.9328 34.2557 152.7996 175.8147
122.2363 179.3930 63.8908 153.0678 86.0521 86.6239 14.5144 162.1340 83.7700 0.5188 0.0000 97.1208 265.7982 236.4413 257.0120
140.0305 83.3797 64.2406 189.7852 92.7034 63.0824 124.5726 130.7559 104.8457 62.9328 97.1208 0.0000 207.0309 24.4333 151.3685
124.4569 198.3777 99.8236 162.8624 229.9379 101.7383 66.2717 36.5315 114.3857 34.2557 265.7982 207.0309 0.0000 128.4079 269.0346
56.7110 111.6555 167.5563 251.0881 166.9477 182.2280 107.2224 88.5395 13.9670 152.7996 236.4413 24.4333 128.4079 0.0000 102.5003
61.8879 51.9295 78.2590 160.1989 60.0189 91.7510 78.5374 125.3152 57.7213 175.8147 257.0120 151.3685 269.0346 102.5003 0.0000
