15
0.0000 163.4465 33.0571 174.4350 75.3495 230.6656 86.0543 112.7575 142.6951 31.9864 127.6785 203.5970 188.6883 13.1687 121.3039
163.4465 0.0000 8.1942 171.2096 157.3194 136.1489 36.9979 39.4804 107.9721 184.9003 91.6618 145.4668 160.6288 57.8057 19.7186
33.0571 8.1942 0.0000 19.2429 92.9599 117.0915 309.3125 225.6134 117.0513 75.0421 188.2930 97.8632 159.8205 218.9130 217.0618
174.4350 171.2096 19.2429 0.0000 42.3479 33.5835 44.0441 77.6724 134.2362 114.3932 171.9673 209.6489 195.3376 163.9572 195.5640
75.3495 157.3194 92.9599 42.3479 0.0000 232.1145 0.9889 3.0086 16.8079 8.7696 141.8455 240.6511 191.0209 112.6949 138.6545
230.6656 136.1489 117.0915 33.5835 232.1145 0.0000 267.8446 0.0509 165.8164 169.2759 148.6772 8.2153 59.4449 131.0853 191.9341
86.0543 36.9979 309.3125 44.0441 0.9889 267.8446 0.0000 180.6327 108.5222 111.6745 162.7417 166.1561 92.6366 142.5093 96.1572
112.7575 39.4804 225.6134 77.6724 3.0086 0.0509 180.6327 0.0000 13.8580 219.8891 174.9606 109.8552 17.9329 80.1110 188.5149
142.6951 107.9721 117.0513 134.2362 16.8079 165.8164 108.5222 13.8580 0.0000 170.6626 34.0427 19.7988 127.7903 64.2540 81.5734
31.9864 184.9003 75.0421 114.3932 8.7696 169.2759 111.6745 219.8891 170.6626 0.0000 169.4669 34.9813 59.9849 13.2065 23.1578
127.6785 91.6618 188.2930 171.9673 141.8455 148.6772 162.7417 174.9606 34.0427 169.4669 0.0000 229.1390 192.3170 296.9953 33.2566
203.5970 145.4668 97.8632 209.6489 240.6511 8.2153 166.1561 109.8552 19.7988 34.9813 229.1390 0.0000 13.2459 224.0000 164.1801
188.6883 160.6288 159.8205 195.3376 191.0209 59.4449 92.6366 17.9329 127.7903 59.9849 192.3170 13.2459 0.0000 105.1326 93.9277
13.1687 57.8057 218.9130 163.9572 112.6949 131.0853 142.5093 80.1110 64.2540 13.2065 296.9953 224.0000 105.1326 0.0000 91.4843
121.3039 19.7186 217.0618 195.5640 138.6545 191.9341 96.1572 188.5149 81.5734 23.1578 33.2566 164.1801 93.9277 91.4843 0.0000
