15
0.0000 122.4729 291.6633 16.6209 167.0758 74.3793 121.9077 262.5245 100.6288 98.0032 131.0696 185.5499 172.9173 136.5138 145.6004
122.4729 0.0000 3.1145 214.9112 50.4601 154.7631 187.2758 31.0787 186.7856 46.1962 146.8693 47.5736 0.6847 196.5675 76.4732
291.6633 3.1145 0.0000 135.6616 42.7353 92.8745 186.6314 77.1442 60.6796 56.1896 99.2312 67.0439 261.4124 95.3019 10.4533
16.6209 214.9112 135.6616 0.0000 51.4821 82.0462 0.2632 157.1648 186.3517 27.4480 42.0911 87.8462 218.2457 87.3122 115.0998
167.0758 50.4601 42.7353 51.4821 0.0000 95.1171 15.2551 157.7829 154.1045 122.0509 67.1447 101.1561 141.2433 233.3721 130.4605
74.3793 154.7631 92.8745 82.0462 95.1171 0.0000 33.6755 47.5562 309.6978 80.9749 191.0215 166.5622 130.3233 107.9277 177.3098
121.9077 187.2758 186.6314 0.2632 15.2551 33.6755 0.0000 95.7182 235.5415 222.2227 82.0874 99.4549 173.2129 123.4613 52.4585
262.5245 31.0787 77.1442 157.1648 157.7829 47.5562 95.7182 0.0000 86.6258 123.6846 2.7327 144.7057 95.7785 181.9088 48.9546
100.6288 186.7856 60.6796 186.3517 154.1045 309.6978 235.5415 86.6258 0.0000 140.0398 93.8830 101.8457 56.2316 83.7842 137.9667
98.0032 46.1962 56.1896 27.4480 122.0509 80.9749 222.2227 123.6846 140.0398 0.0000 5.7194 184.5657 117.2797 53.7016 221.3437
131.0696 146.8693 99.2312 42.0911 67.1447 191.0215 82.0874 2.7327 93.8830 5.7194 0.0000 134.7100 158.0394 57.2051 99.4011
185.5499 47.5736 67.0439 87.8462 101.1561 166.5622 99.4549 144.7057 101.8457 184.5657 134.7100 0.0000 129.1799 104.2455 52.8627
172.9173 0.6847 261.4124 218.2457 141.2433 130.3233 173.2129 95.7785 56.2316 117.2797 158.0394 129.1799 0.0000 65.9594 152.3324
136.5138 196.5675 95.3019 87.3122 233.3721 107.9277 123.4613 181.9088 83.7842 53.7016 57.2051 104.2455 65.9594 0.0000 56.1683
145.6004 76.4732 10.4533 115.0998 130.4605 177.3098 52.4585 48.9546 137.9667 221.3437 99.4011 52.8627 152.3324 56.1683 0.0000
