15
0.0000 64.3095 201.8970 22.3232 57.8434 135.8573 48.0009 127.3512 90.1026 116.3249 55.6977 5.3489 147.2503 76.5879 74.3771
64.3095 0.0000 118.2747 1.0176 188.2044 102.3217 116.6540 15.2558 24.5551 242.1929 301.4615 110.1421 123.6736 101.4087 158.7778
201.8970 118.2747 0.0000 357.8994 52.6195 252.8848 83.6147 147.9828 28.4351 49.2626 161.6981 47.6105 175.5977 252.1993 149.2702
22.3232 1.0176 357.8994 0.0000 17.5216 210.2863 108.6507 216.7061 282.7542 235.0863 187.6319 146.8672 212.4328 287.2698 83.1249
57.8434 188.2044 52.6195 17.5216 0.0000 110.7423 157.6490 283.1903 199.6052 84.1715 105.9517 101.2543 60.5192 186.4635 105.7187
135.8573 102.3217 252.8848 210.2863 110.7423 0.0000 302.2213 129.6016 1.8729 141.2692 158.3170 19.4584 52.3742 194.9576 169.3218
48.0009 116.6540 83.6147 108.6507 157.6490 302.2213 0.0000 113.1864 177.0215 90.3451 66.4456 164.7729 56.4242 231.1452 268.2882
127.3512 15.2558 147.9828 216.7061 283.1903 129.6016 113.1864 0.0000 179.9620 141.4114 134.2334 164.7867 138.2213 120.3871 178.2854
90.1026 24.5551 28.4351 282.7542 199.6052 1.8729 177.0215 179.9620 0.0000 106.6987 256.0154 187.5984 165.4888 58.1764 119.2778
116.3249 242.1929 49.2626 235.0863 84.1715 141.2692 90.3451 141.4114 106.6987 0.0000 66.2871 43.5589 74.3008 17.9117 36.7548
55.6977 301.4615 161.6981 187.6319 105.9517 158.3170 66.4456 134.2334 256.0154 66.2871 0.0000 66.0863 6.9392 3.4382 283.9759
5.3489 110.1421 47.6105 146.8672 101.2543 19.4584 164.7729 164.7867 187.5984 43.5589 66.0863 0.0000 98.9990 91.1100 17.7532
147.2503 123.6736 175.5977 212.4328 60.5192 52.3742 56.4242 138.2213 165.4888 74.3008 6.9392 98.9990 0.0000 142.7498 116.9675
76.5879 101.4087 252.1993 287.2698 186.4635 194.9576 231.1452 120.3871 58.1764 17.9117 3.4382 91.1100 142.7498 0.0000 35.1816
74.3771 158.7778 149.2702 83.1249 105.7187 169.3218 268.2882 178.2854 119.2778 36.7548 283.9759 17.7532 116.9675 35.1816 0.0000
