6
0.0000 102.0354 105.5918 89.2610 76.9489 108.1527
102.0354 0.0000 92.2467 42.7519 113.4971 82.4849
105.5918 92.2467 0.0000 95.5467 96.9147 88.8810
89.2610 42.7519 95.5467 0.0000 109.3314 54.6296
76.9489 113.4971 96.9147 109.3314 0.0000 52.0224
108.1527 82.4849 88.8810 54.6296 52.0224 0.0000
