6
0.0000 78.7290 97.4413 24.2944 183.3624 236.6735
78.7290 0.0000 131.4369 2.9261 96.7400 10.6186
97.4413 131.4369 0.0000 184.7367 48.5927 294.4457
24.2944 2.9261 184.7367 0.0000 43.0780 52.9965
183.3624 96.7400 48.5927 43.0780 0.0000 179.6826
236.6735 10.6186 294.4457 52.9965 179.6826 0.0000
