6
0.0000 138.7182 118.2106 1.8389 120.9222 234.6194
138.7182 0.0000 89.2587 133.5282 138.8981 90.5762
118.2106 89.2587 0.0000 108.2385 101.0693 124.2606
1.8389 133.5282 108.2385 0.0000 35.8475 88.9014
120.9222 138.8981 101.0693 35.8475 0.0000 225.8303
234.6194 90.5762 124.2606 88.9014 225.8303 0.0000
