6
0.0000 170.2144 156.9295 65.5340 134.2440 102.1313
170.2144 0.0000 61.4844 103.3450 139.7213 195.6953
156.9295 61.4844 0.0000 50.2866 128.1608 57.6527
65.5340 103.3450 50.2866 0.0000 84.2650 147.9095
134.2440 139.7213 128.1608 84.2650 0.0000 88.6163
102.1313 195.6953 57.6527 147.9095 88.6163 0.0000
