6
0.0000 76.2350 93.1674 96.1864 53.1903 89.4598
76.2350 0.0000 92.3910 127.0556 85.1238 137.5148
93.1674 92.3910 0.0000 106.0246 99.8647 132.8821
96.1864 127.0556 106.0246 0.0000 112.5618 106.0535
53.1903 85.1238 99.8647 112.5618 0.0000 98.7304
89.4598 137.5148 132.8821 106.0535 98.7304 0.0000
