6
0.0000 173.6196 48.6498 61.9929 107.7101 57.2228
173.6196 0.0000 90.3250 205.8756 111.4178 102.9055
48.6498 90.3250 0.0000 152.7412 124.3645 143.5899
61.9929 205.8756 152.7412 0.0000 105.7934 118.9262
107.7101 111.4178 124.3645 105.7934 0.0000 101.5425
57.2228 102.9055 143.5899 118.9262 101.5425 0.0000
