6
0.0000 272.3744 56.0384 109.4732 94.0747 3.7521
272.3744 0.0000 196.5149 2.8261 175.5498 52.8347
56.0384 196.5149 0.0000 136.2218 144.9447 24.4302
109.4732 2.8261 136.2218 0.0000 64.8338 80.9448
94.0747 175.5498 144.9447 64.8338 0.0000 172.6046
3.7521 52.8347 24.4302 80.9448 172.6046 0.0000
