6
0.0000 185.8414 140.2082 112.0017 227.8290 4.1957
185.8414 0.0000 115.9106 102.7178 12.3956 115.4224
140.2082 115.9106 0.0000 8.3331 153.5940 65.1643
112.0017 102.7178 8.3331 0.0000 75.8829 171.0046
227.8290 12.3956 153.5940 75.8829 0.0000 273.8636
4.1957 115.4224 65.1643 171.0046 273.8636 0.0000
