6
0.0000 152.8433 104.0746 168.0525 190.2812 83.1488
152.8433 0.0000 71.5570 80.6679 147.1094 88.4981
104.0746 71.5570 0.0000 90.7678 76.2956 148.6904
168.0525 80.6679 90.7678 0.0000 140.6115 159.8713
190.2812 147.1094 76.2956 140.6115 0.0000 123.0960
83.1488 88.4981 148.6904 159.8713 123.0960 0.0000
