6
0.0000 142.6410 177.5511 73.0006 44.7438 223.1061
142.6410 0.0000 165.8618 73.2764 71.4642 55.6498
177.5511 165.8618 0.0000 134.0891 115.3105 0.1316
73.0006 73.2764 134.0891 0.0000 43.8175 323.8018
44.7438 71.4642 115.3105 43.8175 0.0000 79.6869
223.1061 55.6498 0.1316 323.8018 79.6869 0.0000
