6
0.0000 72.2281 19.8873 156.6236 99.3404 18.8373
72.2281 0.0000 103.0490 84.3675 206.1649 159.6492
19.8873 103.0490 0.0000 28.5201 31.0435 102.0357
156.6236 84.3675 28.5201 0.0000 99.8733 63.6624
99.3404 206.1649 31.0435 99.8733 0.0000 172.6102
18.8373 159.6492 102.0357 63.6624 172.6102 0.0000
