6
0.0000 48.3365 32.8885 106.2900 170.2633 56.4690
48.3365 0.0000 84.0348 209.7237 125.5541 173.5900
32.8885 84.0348 0.0000 73.0183 201.2066 214.3752
106.2900 209.7237 73.0183 0.0000 279.9183 89.6037
170.2633 125.5541 201.2066 279.9183 0.0000 37.2746
56.4690 173.5900 214.3752 89.6037 37.2746 0.0000
