6
0.0000 229.1158 50.8786 52.5003 93.7493 52.0492
229.1158 0.0000 111.0122 235.3577 265.0145 171.7704
50.8786 111.0122 0.0000 192.3278 161.5553 110.5902
52.5003 235.3577 192.3278 0.0000 131.1755 73.3189
93.7493 265.0145 161.5553 131.1755 0.0000 73.9398
52.0492 171.7704 110.5902 73.3189 73.9398 0.0000
