6
0.0000 81.0128 89.9547 100.4034 85.7330 90.5847
81.0128 0.0000 106.3186 100.5829 100.4327 106.8198
89.9547 106.3186 0.0000 89.8986 78.1103 121.9994
100.4034 100.5829 89.8986 0.0000 94.2997 106.7499
85.7330 100.4327 78.1103 94.2997 0.0000 111.6848
90.5847 106.8198 121.9994 106.7499 111.6848 0.0000
