6
0.0000 39.7462 92.2624 126.5323 175.5165 123.2379
39.7462 0.0000 37.3004 87.2253 114.7237 193.9531
92.2624 37.3004 0.0000 179.8151 142.7161 122.6059
126.5323 87.2253 179.8151 0.0000 112.5831 129.1929
175.5165 114.7237 142.7161 112.5831 0.0000 70.1132
123.2379 193.9531 122.6059 129.1929 70.1132 0.0000
