7
0.0000 115.8865 153.7219 44.5947 302.2130 29.7248 92.0168
115.8865 0.0000 138.1134 126.1597 95.5440 88.1603 28.5040
153.7219 138.1134 0.0000 94.9838 234.2856 133.5978 259.3160
44.5947 126.1597 94.9838 0.0000 58.2859 135.3234 57.2777
302.2130 95.5440 234.2856 58.2859 0.0000 107.6109 80.2155
29.7248 88.1603 133.5978 135.3234 107.6109 0.0000 185.7014
92.0168 28.5040 259.3160 57.2777 80.2155 185.7014 0.0000
