7
0.0000 127.8872 48.1517 114.5395 92.3892 195.6148 179.8931
127.8872 0.0000 75.9201 101.9042 125.5650 117.7679 108.6608
48.1517 75.9201 0.0000 160.4604 125.7704 153.5087 180.0947
114.5395 101.9042 160.4604 0.0000 79.2480 165.2770 49.4389
92.3892 125.5650 125.7704 79.2480 0.0000 104.3418 86.5801
195.6148 117.7679 153.5087 165.2770 104.3418 0.0000 70.3920
179.8931 108.6608 180.0947 49.4389 86.5801 70.3920 0.0000
