7
0.0000 81.1659 84.6040 102.7436 99.1683 83.7039 94.8586
81.1659 0.0000 96.6093 98.7033 96.2936 112.7255 96.5556
84.6040 96.6093 0.0000 93.8272 121.6082 103.0625 99.6404
102.7436 98.7033 93.8272 0.0000 95.6209 117.5287 97.3605
99.1683 96.2936 121.6082 95.6209 0.0000 101.0496 101.4119
83.7039 112.7255 103.0625 117.5287 101.0496 0.0000 116.5612
94.8586 96.5556 99.6404 97.3605 101.4119 116.5612 0.0000
