7
0.0000 74.8527 201.6055 40.3199 93.2716 158.9710 197.9340
74.8527 0.0000 193.3891 172.9101 115.5714 24.1778 186.5983
201.6055 193.3891 0.0000 56.1497 194.3207 87.5078 266.0503
40.3199 172.9101 56.1497 0.0000 40.0415 187.4630 259.2104
93.2716 115.5714 194.3207 40.0415 0.0000 148.5034 93.2927
158.9710 24.1778 87.5078 187.4630 148.5034 0.0000 83.5952
197.9340 186.5983 266.0503 259.2104 93.2927 83.5952 0.0000
