7
0.0000 85.3723 47.7271 121.3771 54.1733 55.9590 196.4568
85.3723 0.0000 106.3179 125.7774 70.2202 96.0391 56.8313
47.7271 106.3179 0.0000 37.3877 63.1973 30.7297 131.3503
121.3771 125.7774 37.3877 0.0000 110.3355 159.4163 171.5776
54.1733 70.2202 63.1973 110.3355 0.0000 138.9300 20.5609
55.9590 96.0391 30.7297 159.4163 138.9300 0.0000 75.3360
196.4568 56.8313 131.3503 171.5776 20.5609 75.3360 0.0000
