7
0.0000 40.3356 129.2144 107.5461 151.7492 90.2192 99.0901
40.3356 0.0000 94.1682 139.1534 102.8722 127.1950 40.1216
129.2144 94.1682 0.0000 134.3393 197.6050 55.7343 91.1378
107.5461 139.1534 134.3393 0.0000 185.8258 53.7777 148.8691
151.7492 102.8722 197.6050 185.8258 0.0000 197.6487 13.2194
90.2192 127.1950 55.7343 53.7777 197.6487 0.0000 49.0993
99.0901 40.1216 91.1378 148.8691 13.2194 49.0993 0.0000
