7
0.0000 82.7560 143.1081 113.9965 97.7774 125.4178 115.8093
82.7560 0.0000 109.7646 117.5351 102.3290 96.3721 87.8204
143.1081 109.7646 0.0000 117.9209 79.3008 81.8126 106.9041
113.9965 117.5351 117.9209 0.0000 115.2469 82.4660 101.9321
97.7774 102.3290 79.3008 115.2469 0.0000 116.0518 79.4998
125.4178 96.3721 81.8126 82.4660 116.0518 0.0000 96.3488
115.8093 87.8204 106.9041 101.9321 79.4998 96.3488 0.0000
