7
0.0000 91.4677 134.8422 90.5456 138.4694 27.5098 117.5238
91.4677 0.0000 140.6733 117.5928 71.3775 111.5293 131.1767
134.8422 140.6733 0.0000 119.1128 57.1988 124.3962 85.8966
90.5456 117.5928 119.1128 0.0000 145.3052 98.6050 94.9929
138.4694 71.3775 57.1988 145.3052 0.0000 101.9765 124.3982
27.5098 111.5293 124.3962 98.6050 101.9765 0.0000 93.0049
117.5238 131.1767 85.8966 94.9929 124.3982 93.0049 0.0000
