7
0.0000 43.2928 55.1656 115.7729 23.7189 169.1011 196.5175
43.2928 0.0000 103.8613 229.2461 316.5741 229.8928 153.4355
55.1656 103.8613 0.0000 77.2713 64.9104 105.2529 96.2524
115.7729 229.2461 77.2713 0.0000 59.6113 171.1662 95.0525
23.7189 316.5741 64.9104 59.6113 0.0000 131.4192 184.5714
169.1011 229.8928 105.2529 171.1662 131.4192 0.0000 126.6111
196.5175 153.4355 96.2524 95.0525 184.5714 126.6111 0.0000
