7
0.0000 184.7912 4.1549 84.4050 127.7769 196.0574 141.5702
184.7912 0.0000 215.9137 264.3643 63.7641 116.7042 181.3549
4.1549 215.9137 0.0000 242.0635 356.6339 41.3767 226.2019
84.4050 264.3643 242.0635 0.0000 79.1306 87.7230 192.2742
127.7769 63.7641 356.6339 79.1306 0.0000 217.2511 153.3721
196.0574 116.7042 41.3767 87.7230 217.2511 0.0000 224.6783
141.5702 181.3549 226.2019 192.2742 153.3721 224.6783 0.0000
