7
0.0000 62.4971 75.0355 120.5344 75.8047 110.9859 106.4618
62.4971 0.0000 133.7787 113.3475 134.4547 137.4822 3.8636
75.0355 133.7787 0.0000 96.0816 72.8854 166.0047 59.9101
120.5344 113.3475 96.0816 0.0000 93.9225 128.2807 39.1737
75.8047 134.4547 72.8854 93.9225 0.0000 87.8139 66.5458
110.9859 137.4822 166.0047 128.2807 87.8139 0.0000 161.4952
106.4618 3.8636 59.9101 39.1737 66.5458 161.4952 0.0000
