7
0.0000 96.5758 362.4036 320.8566 194.1951 85.6591 122.1646
96.5758 0.0000 133.9491 112.8349 125.0748 30.5751 87.7921
362.4036 133.9491 0.0000 177.8015 54.3254 29.6318 38.0743
320.8566 112.8349 177.8015 0.0000 92.8236 68.7120 191.7742
194.1951 125.0748 54.3254 92.8236 0.0000 130.3006 18.9172
85.6591 30.5751 29.6318 68.7120 130.3006 0.0000 153.5215
122.1646 87.7921 38.0743 191.7742 18.9172 153.5215 0.0000
