7
0.0000 71.2916 128.8394 134.1314 126.9423 165.7893 125.2727
71.2916 0.0000 175.0649 142.8253 77.9927 136.6319 97.7833
128.8394 175.0649 0.0000 17.2171 146.5237 49.7475 127.9488
134.1314 142.8253 17.2171 0.0000 75.6045 169.9763 36.4849
126.9423 77.9927 146.5237 75.6045 0.0000 66.6328 79.1118
165.7893 136.6319 49.7475 169.9763 66.6328 0.0000 104.2229
125.2727 97.7833 127.9488 36.4849 79.1118 104.2229 0.0000
