8
0.0000 178.0229 120.7211 153.5374 18.0204 77.9868 36.9702 128.3968
178.0229 0.0000 68.9160 109.7054 15.2170 86.5240 215.2078 246.4042
120.7211 68.9160 0.0000 14.5302 115.8929 156.7118 141.1240 96.0991
153.5374 109.7054 14.5302 0.0000 150.1672 77.3513 120.8158 174.5118
18.0204 15.2170 115.8929 150.1672 0.0000 348.8041 12.4581 101.0631
77.9868 86.5240 156.7118 77.3513 348.8041 0.0000 98.5558 196.8091
36.9702 215.2078 141.1240 120.8158 12.4581 98.5558 0.0000 33.8233
128.3968 246.4042 96.0991 174.5118 101.0631 196.8091 33.8233 0.0000
