8
0.0000 198.2551 187.1672 107.9208 82.7703 32.1755 118.7820 34.2700
198.2551 0.0000 61.5733 160.6414 86.5771 206.9142 34.5056 53.4210
187.1672 61.5733 0.0000 82.4921 266.4257 285.7544 64.4921 47.2445
107.9208 160.6414 82.4921 0.0000 227.3412 116.0602 15.3719 53.7280
82.7703 86.5771 266.4257 227.3412 0.0000 93.7096 139.3062 101.7675
32.1755 206.9142 285.7544 116.0602 93.7096 0.0000 105.6757 114.2656
118.7820 34.5056 64.4921 15.3719 139.3062 105.6757 0.0000 186.5782
34.2700 53.4210 47.2445 53.7280 101.7675 114.2656 186.5782 0.0000
