8
0.0000 96.0298 103.3302 100.6536 90.6033 100.7672 87.1842 107.1750
96.0298 0.0000 111.6432 91.9288 98.6846 93.4923 104.0414 95.8818
103.3302 111.6432 0.0000 103.0480 85.8726 105.7660 113.5131 97.7645
100.6536 91.9288 103.0480 0.0000 105.4755 84.2713 107.7604 90.7238
90.6033 98.6846 85.8726 105.4755 0.0000 96.4896 83.4634 119.2463
100.7672 93.4923 105.7660 84.2713 96.4896 0.0000 109.2799 102.1932
87.1842 104.0414 113.5131 107.7604 83.4634 109.2799 0.0000 96.5952
107.1750 95.8818 97.7645 90.7238 119.2463 102.1932 96.5952 0.0000
