8
0.0000 38.4971 5.1422 145.7203 242.9233 104.5435 284.5182 36.7228
38.4971 0.0000 13.7269 106.7789 212.2828 44.7067 84.0996 170.5947
5.1422 13.7269 0.0000 101.3564 229.4839 42.8009 106.9083 20.5228
145.7203 106.7789 101.3564 0.0000 52.3288 291.7654 83.9461 22.6353
242.9233 212.2828 229.4839 52.3288 0.0000 141.3600 135.0567 132.1714
104.5435 44.7067 42.8009 291.7654 141.3600 0.0000 165.6438 174.7407
284.5182 84.0996 106.9083 83.9461 135.0567 165.6438 0.0000 189.1884
36.7228 170.5947 20.5228 22.6353 132.1714 174.7407 189.1884 0.0000
