8
0.0000 148.9477 85.5970 78.9629 178.7860 82.9871 60.0234 173.5174
148.9477 0.0000 159.2488 30.0519 172.7181 7.0726 169.0273 171.1492
85.5970 159.2488 0.0000 193.9779 192.9489 245.7273 10.9004 29.9366
78.9629 30.0519 193.9779 0.0000 55.8917 118.6466 201.8359 132.3197
178.7860 172.7181 192.9489 55.8917 0.0000 38.7590 116.9608 22.1957
82.9871 7.0726 245.7273 118.6466 38.7590 0.0000 141.1284 160.0280
60.0234 169.0273 10.9004 201.8359 116.9608 141.1284 0.0000 8.9127
173.5174 171.1492 29.9366 132.3197 22.1957 160.0280 8.9127 0.0000
