8
0.0000 111.4973 95.0287 117.4150 118.8333 105.7207 84.5218 97.6497
111.4973 0.0000 85.8886 81.4021 65.0269 115.7683 90.4867 117.1700
95.0287 85.8886 0.0000 94.3925 135.3832 76.7725 85.3289 110.7838
117.4150 81.4021 94.3925 0.0000 153.7272 116.1804 92.1025 124.6479
118.8333 65.0269 135.3832 153.7272 0.0000 83.8497 105.3747 134.0858
105.7207 115.7683 76.7725 116.1804 83.8497 0.0000 72.0738 76.0257
84.5218 90.4867 85.3289 92.1025 105.3747 72.0738 0.0000 121.2527
97.6497 117.1700 110.7838 124.6479 134.0858 76.0257 121.2527 0.0000
