8
0.0000 294.0464 33.5753 128.0313 263.7781 52.7744 135.2312 172.6179
294.0464 0.0000 295.5025 158.4622 10.0445 126.6151 203.0186 48.5653
33.5753 295.5025 0.0000 20.4163 108.8284 108.7396 224.6167 74.5103
128.0313 158.4622 20.4163 0.0000 28.8138 107.4357 93.6642 91.0858
263.7781 10.0445 108.8284 28.8138 0.0000 26.7684 203.9830 172.3739
52.7744 126.6151 108.7396 107.4357 26.7684 0.0000 216.3856 268.0199
135.2312 203.0186 224.6167 93.6642 203.9830 216.3856 0.0000 218.1641
172.6179 48.5653 74.5103 91.0858 172.3739 268.0199 218.1641 0.0000
