8
0.0000 211.1664 115.5033 55.6969 198.5512 151.5629 41.4290 181.0169
211.1664 0.0000 88.4518 71.9283 151.4701 185.0205 132.9094 28.9341
115.5033 88.4518 0.0000 167.3353 87.2774 48.3282 105.2841 95.6936
55.6969 71.9283 167.3353 0.0000 134.7371 142.1304 66.3230 112.8014
198.5512 151.4701 87.2774 134.7371 0.0000 51.2848 22.0984 13.3949
151.5629 185.0205 48.3282 142.1304 51.2848 0.0000 120.8787 79.5135
41.4290 132.9094 105.2841 66.3230 22.0984 120.8787 0.0000 114.8356
181.0169 28.9341 95.6936 112.8014 13.3949 79.5135 114.8356 0.0000
