8
0.0000 70.0724 105.0647 163.1351 115.4020 101.0951 26.0347 140.4748
70.0724 0.0000 103.5524 27.2284 71.0176 80.7227 39.0840 90.2822
105.0647 103.5524 0.0000 80.8033 151.2589 45.9097 109.7170 126.6355
163.1351 27.2284 80.8033 0.0000 10.6506 71.4917 136.3167 61.7588
115.4020 71.0176 151.2589 10.6506 0.0000 55.8991 99.0049 132.0743
101.0951 80.7227 45.9097 71.4917 55.8991 0.0000 106.2716 71.3089
26.0347 39.0840 109.7170 136.3167 99.0049 106.2716 0.0000 81.9104
140.4748 90.2822 126.6355 61.7588 132.0743 71.3089 81.9104 0.0000
