8
0.0000 106.1565 111.6999 123.9987 113.7845 108.2962 114.7759 110.8490
106.1565 0.0000 102.3116 125.2690 97.7530 122.9421 84.0163 94.1281
111.6999 102.3116 0.0000 95.9813 102.7089 111.3159 103.7342 86.4964
123.9987 125.2690 95.9813 0.0000 117.1477 119.8177 106.9098 93.9360
113.7845 97.7530 102.7089 117.1477 0.0000 91.5251 108.4418 87.7993
108.2962 122.9421 111.3159 119.8177 91.5251 0.0000 93.7143 131.3956
114.7759 84.0163 103.7342 106.9098 108.4418 93.7143 0.0000 77.0393
110.8490 94.1281 86.4964 93.9360 87.7993 131.3956 77.0393 0.0000
