8
0.0000 105.3261 91.0935 82.5607 82.9261 88.1375 113.8521 128.4894
105.3261 0.0000 79.7141 77.9210 88.9212 111.1987 155.7242 96.9104
91.0935 79.7141 0.0000 91.4715 92.8715 72.0537 87.2561 97.6595
82.5607 77.9210 91.4715 0.0000 101.3552 98.2455 110.6643 106.5865
82.9261 88.9212 92.8715 101.3552 0.0000 94.8128 90.1875 96.0150
88.1375 111.1987 72.0537 98.2455 94.8128 0.0000 82.7085 111.4908
113.8521 155.7242 87.2561 110.6643 90.1875 82.7085 0.0000 87.2797
128.4894 96.9104 97.6595 106.5865 96.0150 111.4908 87.2797 0.0000
