8
0.0000 110.4133 91.9084 99.2016 98.0641 94.9665 94.1133 105.0035
110.4133 0.0000 109.0934 100.9593 107.5523 101.7110 100.3536 95.7184
91.9084 109.0934 0.0000 84.4468 108.7168 98.8839 78.5122 109.2342
99.2016 100.9593 84.4468 0.0000 98.3105 100.8306 100.5781 100.7969
98.0641 107.5523 108.7168 98.3105 0.0000 113.2077 99.9217 107.2014
94.9665 101.7110 98.8839 100.8306 113.2077 0.0000 90.9811 107.7503
94.1133 100.3536 78.5122 100.5781 99.9217 90.9811 0.0000 89.7516
105.0035 95.7184 109.2342 100.7969 107.2014 107.7503 89.7516 0.0000
