8
0.0000 79.2706 138.2591 90.8239 145.2056 212.6355 167.5260 136.6871
79.2706 0.0000 10.4388 171.8242 60.4918 41.0107 170.9689 140.8143
138.2591 10.4388 0.0000 129.0089 120.1299 36.5306 57.3254 91.8120
90.8239 171.8242 129.0089 0.0000 37.3212 62.2564 66.1637 98.5085
145.2056 60.4918 120.1299 37.3212 0.0000 76.4696 135.7352 179.1041
212.6355 41.0107 36.5306 62.2564 76.4696 0.0000 50.9334 92.2891
167.5260 170.9689 57.3254 66.1637 135.7352 50.9334 0.0000 66.3323
136.6871 140.8143 91.8120 98.5085 179.1041 92.2891 66.3323 0.0000
