9
0.0000 57.4016 121.5432 125.3667 67.1038 148.8391 106.2029 92.2311 97.6173
57.4016 0.0000 102.4876 64.6903 81.9967 105.5279 109.2621 111.5138 104.4030
121.5432 102.4876 0.0000 48.9210 101.3330 89.3423 122.9359 102.4794 133.8489
125.3667 64.6903 48.9210 0.0000 106.4986 105.4709 83.4758 120.5477 70.9013
67.1038 81.9967 101.3330 106.4986 0.0000 111.5787 94.0430 94.6279 89.9476
148.8391 105.5279 89.3423 105.4709 111.5787 0.0000 108.2162 60.7622 123.1609
106.2029 109.2621 122.9359 83.4758 94.0430 108.2162 0.0000 100.2319 113.5684
92.2311 111.5138 102.4794 120.5477 94.6279 60.7622 100.2319 0.0000 123.5214
97.6173 104.4030 133.8489 70.9013 89.9476 123.1609 113.5684 123.5214 0.0000
