9
0.0000 132.2885 88.6729 107.2241 135.9747 117.8562 200.2014 97.1577 73.6620
132.2885 0.0000 39.1554 7.2815 175.4034 181.7726 80.0073 18.6995 137.5689
88.6729 39.1554 0.0000 139.3550 53.8977 116.9617 43.8895 38.6796 54.6390
107.2241 7.2815 139.3550 0.0000 106.1564 196.0716 67.2689 50.9006 6.9199
135.9747 175.4034 53.8977 106.1564 0.0000 57.1026 103.1868 74.0670 192.7087
117.8562 181.7726 116.9617 196.0716 57.1026 0.0000 169.2650 100.7058 129.5390
200.2014 80.0073 43.8895 67.2689 103.1868 169.2650 0.0000 38.8519 150.3753
97.1577 18.6995 38.6796 50.9006 74.0670 100.7058 38.8519 0.0000 117.4449
73.6620 137.5689 54.6390 6.9199 192.7087 129.5390 150.3753 117.4449 0.0000
