9
0.0000 80.6214 186.3638 133.6633 124.8706 170.5394 68.6633 81.4594 55.5340
80.6214 0.0000 35.3810 125.7841 68.7619 150.1127 106.4712 59.5763 16.5659
186.3638 35.3810 0.0000 72.9548 139.2389 91.1101 93.6874 71.1085 124.3753
133.6633 125.7841 72.9548 0.0000 53.5007 175.0273 91.7615 141.5030 123.9647
124.8706 68.7619 139.2389 53.5007 0.0000 22.9869 145.6271 37.6658 16.7889
170.5394 150.1127 91.1101 175.0273 22.9869 0.0000 41.2892 174.8530 148.5912
68.6633 106.4712 93.6874 91.7615 145.6271 41.2892 0.0000 39.2588 126.9135
81.4594 59.5763 71.1085 141.5030 37.6658 174.8530 39.2588 0.0000 74.5853
55.5340 16.5659 124.3753 123.9647 16.7889 148.5912 126.9135 74.5853 0.0000
