9
0.0000 90.6523 85.7633 96.5287 84.9185 114.5258 107.6137 116.7291 96.4998
90.6523 0.0000 121.5012 106.3325 125.2217 107.4414 126.0820 95.7433 91.9382
85.7633 121.5012 0.0000 103.2882 109.6842 87.7840 119.2455 152.1104 101.4492
96.5287 106.3325 103.2882 0.0000 84.5850 98.1366 63.1743 79.6414 108.6300
84.9185 125.2217 109.6842 84.5850 0.0000 99.2547 81.1029 86.2979 107.2326
114.5258 107.4414 87.7840 98.1366 99.2547 0.0000 73.8255 105.9080 137.8781
107.6137 126.0820 119.2455 63.1743 81.1029 73.8255 0.0000 120.2171 91.2128
116.7291 95.7433 152.1104 79.6414 86.2979 105.9080 120.2171 0.0000 88.6001
96.4998 91.9382 101.4492 108.6300 107.2326 137.8781 91.2128 88.6001 0.0000
