9
0.0000 271.3780 121.7204 159.8018 105.0495 121.9411 116.9927 164.8072 235.6937
271.3780 0.0000 73.4595 129.7848 293.8028 129.1297 37.3294 50.6971 58.3393
121.7204 73.4595 0.0000 73.9645 112.4502 215.1036 255.2346 92.0662 97.0408
159.8018 129.7848 73.9645 0.0000 208.1296 170.6668 35.9104 283.2635 112.4336
105.0495 293.8028 112.4502 208.1296 0.0000 121.3799 126.0775 65.5846 126.7978
121.9411 129.1297 215.1036 170.6668 121.3799 0.0000 75.7897 87.3703 176.1453
116.9927 37.3294 255.2346 35.9104 126.0775 75.7897 0.0000 92.3452 165.2477
164.8072 50.6971 92.0662 283.2635 65.5846 87.3703 92.3452 0.0000 79.8664
235.6937 58.3393 97.0408 112.4336 126.7978 176.1453 165.2477 79.8664 0.0000
