9
0.0000 152.0980 66.9001 60.7661 110.4518 180.5890 168.1505 119.1505 36.3663
152.0980 0.0000 96.0195 113.2738 222.4712 133.3406 117.1042 34.8079 49.4832
66.9001 96.0195 0.0000 117.9965 107.3995 112.9785 166.1363 96.7832 95.8209
60.7661 113.2738 117.9965 0.0000 182.9052 64.7687 150.7054 107.1489 105.9917
110.4518 222.4712 107.3995 182.9052 0.0000 106.8544 151.0244 87.2952 202.6055
180.5890 133.3406 112.9785 64.7687 106.8544 0.0000 126.8134 60.8120 110.7011
168.1505 117.1042 166.1363 150.7054 151.0244 126.8134 0.0000 123.1560 164.5427
119.1505 34.8079 96.7832 107.1489 87.2952 60.8120 123.1560 0.0000 115.3526
36.3663 49.4832 95.8209 105.9917 202.6055 110.7011 164.5427 115.3526 0.0000
