9
0.0000 102.1462 91.2917 117.0499 99.6674 92.9854 101.0353 88.8530 83.3846
102.1462 0.0000 113.1728 94.1485 94.4695 107.3994 84.8496 113.1561 101.5174
91.2917 113.1728 0.0000 109.4328 101.5633 111.5249 99.5061 103.3402 80.2428
117.0499 94.1485 109.4328 0.0000 109.9049 72.9867 113.3523 101.9616 97.1938
99.6674 94.4695 101.5633 109.9049 0.0000 94.0275 112.8189 90.5552 100.5430
92.9854 107.3994 111.5249 72.9867 94.0275 0.0000 104.7861 90.7558 106.7855
101.0353 84.8496 99.5061 113.3523 112.8189 104.7861 0.0000 100.5388 83.1838
88.8530 113.1561 103.3402 101.9616 90.5552 90.7558 100.5388 0.0000 108.5078
83.3846 101.5174 80.2428 97.1938 100.5430 106.7855 83.1838 108.5078 0.0000
