9
0.0000 81.8126 110.2531 111.8928 91.2808 91.8659 95.7002 102.5296 113.7477
81.8126 0.0000 102.9596 78.9767 107.9893 104.5550 97.0854 98.7261 75.5797
110.2531 102.9596 0.0000 99.8629 104.3138 92.0078 117.3612 100.2651 79.9092
111.8928 78.9767 99.8629 0.0000 97.1299 119.6371 108.6675 98.9676 85.0028
91.2808 107.9893 104.3138 97.1299 0.0000 108.9699 89.1832 97.3428 96.0311
91.8659 104.5550 92.0078 119.6371 108.9699 0.0000 108.8807 98.5659 94.2306
95.7002 97.0854 117.3612 108.6675 89.1832 108.8807 0.0000 94.6777 107.7583
102.5296 98.7261 100.2651 98.9676 97.3428 98.5659 94.6777 0.0000 84.3099
113.7477 75.5797 79.9092 85.0028 96.0311 94.2306 107.7583 84.3099 0.0000
