9
0.0000 100.2692 82.4361 123.1762 98.3759 108.0833 107.8343 100.2573 85.5408
100.2692 0.0000 109.8357 107.7307 97.0968 108.6701 104.5762 108.8867 106.6769
82.4361 109.8357 0.0000 103.0794 89.8851 108.0579 83.7576 105.8330 112.7842
123.1762 107.7307 103.0794 0.0000 106.9131 106.0292 118.2377 110.8351 76.2138
98.3759 97.0968 89.8851 106.9131 0.0000 102.1652 98.9174 105.2694 101.6842
108.0833 108.6701 108.0579 106.0292 102.1652 0.0000 108.4024 114.5819 92.7949
107.8343 104.5762 83.7576 118.2377 98.9174 108.4024 0.0000 103.8261 103.7947
100.2573 108.8867 105.8330 110.8351 105.2694 114.5819 103.8261 0.0000 111.5763
85.5408 106.6769 112.7842 76.2138 101.6842 92.7949 103.7947 111.5763 0.0000
