9
0.0000 249.1205 144.0163 207.8388 35.7660 0.0579 24.4586 185.5050 79.8136
249.1205 0.0000 237.4691 61.2175 162.7075 64.6881 9.5226 36.9565 244.0386
144.0163 237.4691 0.0000 72.2955 111.3734 193.9977 116.7342 143.1057 55.6335
207.8388 61.2175 72.2955 0.0000 145.1853 184.8866 71.7997 30.6656 79.2090
35.7660 162.7075 111.3734 145.1853 0.0000 75.9219 223.5315 56.0330 125.5356
0.0579 64.6881 193.9977 184.8866 75.9219 0.0000 113.3767 183.0079 87.9253
24.4586 9.5226 116.7342 71.7997 223.5315 113.3767 0.0000 77.6364 39.1086
185.5050 36.9565 143.1057 30.6656 56.0330 183.0079 77.6364 0.0000 61.9540
79.8136 244.0386 55.6335 79.2090 125.5356 87.9253 39.1086 61.9540 0.0000
