9
0.0000 75.8605 132.1931 177.3098 152.4954 166.3107 286.4900 29.3619 235.0804
75.8605 0.0000 131.1801 161.7860 37.9497 90.9647 117.6633 253.8007 311.0552
132.1931 131.1801 0.0000 69.8820 295.6482 20.7596 201.3799 150.5673 227.9681
177.3098 161.7860 69.8820 0.0000 97.0187 151.8221 213.1007 4.5393 112.2454
152.4954 37.9497 295.6482 97.0187 0.0000 133.3911 26.9034 290.8844 71.7195
166.3107 90.9647 20.7596 151.8221 133.3911 0.0000 86.7829 9.6026 247.4594
286.4900 117.6633 201.3799 213.1007 26.9034 86.7829 0.0000 122.6178 278.9038
29.3619 253.8007 150.5673 4.5393 290.8844 9.6026 122.6178 0.0000 107.4288
235.0804 311.0552 227.9681 112.2454 71.7195 247.4594 278.9038 107.4288 0.0000
