9
0.0000 62.0543 35.9193 150.1629 152.1946 153.1122 14.6170 95.6726 143.9900
62.0543 0.0000 40.3688 204.4199 246.1785 205.8062 142.5668 119.5497 85.8796
35.9193 40.3688 0.0000 108.8379 131.3969 95.5018 101.8703 173.2702 26.4555
150.1629 204.4199 108.8379 0.0000 82.8130 60.9804 85.2517 75.7021 195.0253
152.1946 246.1785 131.3969 82.8130 0.0000 36.9174 191.2202 29.2654 212.2529
153.1122 205.8062 95.5018 60.9804 36.9174 0.0000 98.1064 171.4903 146.8983
14.6170 142.5668 101.8703 85.2517 191.2202 98.1064 0.0000 156.6244 81.5595
95.6726 119.5497 173.2702 75.7021 29.2654 171.4903 156.6244 0.0000 190.2233
143.9900 85.8796 26.4555 195.0253 212.2529 146.8983 81.5595 190.2233 0.0000
