9
0.0000 206.0697 74.1321 6.6026 307.9157 160.3553 258.0260 152.9379 38.4455
206.0697 0.0000 129.6749 179.8840 52.2583 168.1662 214.1369 141.5271 22.1465
74.1321 129.6749 0.0000 33.1731 214.0920 152.4106 152.2805 46.6461 132.9642
6.6026 179.8840 33.1731 0.0000 143.4019 181.9357 62.2890 161.3338 31.9575
307.9157 52.2583 214.0920 143.4019 0.0000 26.8926 76.5589 191.1838 97.0589
160.3553 168.1662 152.4106 181.9357 26.8926 0.0000 14.5035 223.7898 125.9686
258.0260 214.1369 152.2805 62.2890 76.5589 14.5035 0.0000 199.2784 82.8198
152.9379 141.5271 46.6461 161.3338 191.1838 223.7898 199.2784 0.0000 139.3767
38.4455 22.1465 132.9642 31.9575 97.0589 125.9686 82.8198 139.3767 0.0000
