9
0.0000 67.6727 81.3176 123.8252 114.5396 129.8048 56.6783 11.9233 101.3471
67.6727 0.0000 207.0643 159.2670 193.2855 62.8953 120.4576 71.4695 73.6299
81.3176 207.0643 0.0000 74.5990 154.7757 25.1514 32.5760 162.7517 47.4075
123.8252 159.2670 74.5990 0.0000 83.8740 144.0543 15.9311 95.5754 123.9226
114.5396 193.2855 154.7757 83.8740 0.0000 220.2948 143.7893 215.5860 112.3334
129.8048 62.8953 25.1514 144.0543 220.2948 0.0000 168.3013 90.2828 107.0281
56.6783 120.4576 32.5760 15.9311 143.7893 168.3013 0.0000 151.6202 70.4670
11.9233 71.4695 162.7517 95.5754 215.5860 90.2828 151.6202 0.0000 97.4686
101.3471 73.6299 47.4075 123.9226 112.3334 107.0281 70.4670 97.4686 0.0000
