9
0.0000 141.4393 155.6625 58.8652 33.6010 91.7652 110.4850 248.2289 114.0524
141.4393 0.0000 59.9195 133.2680 83.9300 73.1798 45.4256 168.3736 127.8110
155.6625 59.9195 0.0000 202.6266 103.8205 110.4886 138.9858 59.3520 24.7255
58.8652 133.2680 202.6266 0.0000 263.0752 30.9856 76.1911 102.0939 215.6795
33.6010 83.9300 103.8205 263.0752 0.0000 137.2075 123.8348 132.6056 38.5002
91.7652 73.1798 110.4886 30.9856 137.2075 0.0000 78.6421 163.1867 170.6934
110.4850 45.4256 138.9858 76.1911 123.8348 78.6421 0.0000 109.0108 89.5326
248.2289 168.3736 59.3520 102.0939 132.6056 163.1867 109.0108 0.0000 52.5166
114.0524 127.8110 24.7255 215.6795 38.5002 170.6934 89.5326 52.5166 0.0000
