9
0.0000 180.8270 152.7012 9.8327 28.7364 100.3087 55.0326 57.2799 38.5675
180.8270 0.0000 168.1388 109.4980 138.1040 8.5166 83.2041 72.1885 92.3628
152.7012 168.1388 0.0000 138.2805 256.5195 173.8468 191.0129 115.8553 169.5105
9.8327 109.4980 138.2805 0.0000 61.6195 12.3840 234.0491 91.9343 46.2839
28.7364 138.1040 256.5195 61.6195 0.0000 113.7723 251.9111 311.3811 124.0898
100.3087 8.5166 173.8468 12.3840 113.7723 0.0000 110.1320 144.7220 80.4604
55.0326 83.2041 191.0129 234.0491 251.9111 110.1320 0.0000 18.7921 157.2666
57.2799 72.1885 115.8553 91.9343 311.3811 144.7220 18.7921 0.0000 271.3691
38.5675 92.3628 169.5105 46.2839 124.0898 80.4604 157.2666 271.3691 0.0000
