9
0.0000 148.7914 25.8960 98.2901 77.8163 80.1373 71.8948 110.9315 46.2804
148.7914 0.0000 105.4570 52.0791 39.7059 129.6554 16.7685 85.6614 197.4347
25.8960 105.4570 0.0000 8.8897 63.3474 89.1026 170.0722 102.7439 47.3033
98.2901 52.0791 8.8897 0.0000 62.1789 105.4654 79.5712 144.3284 27.3458
77.8163 39.7059 63.3474 62.1789 0.0000 119.2320 146.7272 44.3134 66.6953
80.1373 129.6554 89.1026 105.4654 119.2320 0.0000 69.8333 126.6024 109.7118
71.8948 16.7685 170.0722 79.5712 146.7272 69.8333 0.0000 99.2878 104.1977
110.9315 85.6614 102.7439 144.3284 44.3134 126.6024 99.2878 0.0000 130.7653
46.2804 197.4347 47.3033 27.3458 66.6953 109.7118 104.1977 130.7653 0.0000
