9
0.0000 132.3165 124.5366 55.6084 148.1937 77.4381 123.6285 56.9397 58.6763
132.3165 0.0000 102.0678 60.8785 115.2821 90.8866 82.0979 84.4390 79.3342
124.5366 102.0678 0.0000 55.1997 77.0717 55.7171 115.6620 58.4897 146.0369
55.6084 60.8785 55.1997 0.0000 110.1113 102.6154 101.9241 128.5988 95.7808
148.1937 115.2821 77.0717 110.1113 0.0000 121.8081 141.6246 93.8143 108.5449
77.4381 90.8866 55.7171 102.6154 121.8081 0.0000 105.8359 98.9673 51.2394
123.6285 82.0979 115.6620 101.9241 141.6246 105.8359 0.0000 82.6267 119.1108
56.9397 84.4390 58.4897 128.5988 93.8143 98.9673 82.6267 0.0000 85.8345
58.6763 79.3342 146.0369 95.7808 108.5449 51.2394 119.1108 85.8345 0.0000
