9
0.0000 91.4358 146.5011 83.9109 140.8327 115.2764 62.6944 84.1896 32.6364
91.4358 0.0000 108.3460 110.4684 125.8900 109.7085 86.5803 104.1642 89.8587
146.5011 108.3460 0.0000 109.0318 109.5848 138.1430 100.0906 91.2088 76.3762
83.9109 110.4684 109.0318 0.0000 97.5767 64.0827 107.6160 120.5510 91.2246
140.8327 125.8900 109.5848 97.5767 0.0000 84.7082 113.4312 86.5147 109.6352
115.2764 109.7085 138.1430 64.0827 84.7082 0.0000 112.4460 102.1824 59.6821
62.6944 86.5803 100.0906 107.6160 113.4312 112.4460 0.0000 81.4574 86.7933
84.1896 104.1642 91.2088 120.5510 86.5147 102.1824 81.4574 0.0000 103.7170
32.6364 89.8587 76.3762 91.2246 109.6352 59.6821 86.7933 103.7170 0.0000
