9
0.0000 143.9453 252.1916 230.5691 51.6015 85.2920 25.1397 17.3413 275.4440
143.9453 0.0000 49.4974 196.3454 126.2011 137.6265 82.1672 91.0686 123.5070
252.1916 49.4974 0.0000 51.8498 315.2158 229.4762 304.2503 151.6833 125.1318
230.5691 196.3454 51.8498 0.0000 271.9002 261.0122 122.2288 193.5480 239.2047
51.6015 126.2011 315.2158 271.9002 0.0000 181.0703 54.9198 74.9327 276.9725
85.2920 137.6265 229.4762 261.0122 181.0703 0.0000 15.6859 58.7233 160.8827
25.1397 82.1672 304.2503 122.2288 54.9198 15.6859 0.0000 177.8733 149.6129
17.3413 91.0686 151.6833 193.5480 74.9327 58.7233 177.8733 0.0000 166.4776
275.4440 123.5070 125.1318 239.2047 276.9725 160.8827 149.6129 166.4776 0.0000
