9
0.0000 104.3106 85.8939 95.4149 89.4251 42.8099 72.0576 108.9916 126.9082
104.3106 0.0000 128.9233 125.5926 63.5345 120.1354 30.7491 67.1566 155.8449
85.8939 128.9233 0.0000 131.6980 189.0100 82.9804 162.9224 160.5412 163.8840
95.4149 125.5926 131.6980 0.0000 78.5165 53.1617 147.5936 128.2858 75.3229
89.4251 63.5345 189.0100 78.5165 0.0000 88.9308 70.9851 71.8553 65.3808
42.8099 120.1354 82.9804 53.1617 88.9308 0.0000 87.3543 116.7164 91.0094
72.0576 30.7491 162.9224 147.5936 70.9851 87.3543 0.0000 54.6287 91.5615
108.9916 67.1566 160.5412 128.2858 71.8553 116.7164 54.6287 0.0000 85.7481
126.9082 155.8449 163.8840 75.3229 65.3808 91.0094 91.5615 85.7481 0.0000
