9
0.0000 106.2078 71.5645 43.3054 136.5313 232.3725 164.9354 88.3319 240.5615
106.2078 0.0000 118.7728 146.2777 203.7178 1.7859 27.5796 21.0875 181.1052
71.5645 118.7728 0.0000 119.0220 23.9114 18.2181 133.9018 166.7731 61.7461
43.3054 146.2777 119.0220 0.0000 169.6904 32.6211 178.6238 156.6294 150.3969
136.5313 203.7178 23.9114 169.6904 0.0000 43.8671 115.9685 94.7474 142.2500
232.3725 1.7859 18.2181 32.6211 43.8671 0.0000 111.8293 192.1102 111.6846
164.9354 27.5796 133.9018 178.6238 115.9685 111.8293 0.0000 40.1027 190.7989
88.3319 21.0875 166.7731 156.6294 94.7474 192.1102 40.1027 0.0000 42.0402
240.5615 181.1052 61.7461 150.3969 142.2500 111.6846 190.7989 42.0402 0.0000
