9
0.0000 124.1349 60.1644 154.9416 57.7591 56.8033 58.7647 7.4674 15.3768
124.1349 0.0000 94.1781 103.9163 141.1691 122.3701 113.5345 13.6692 13.3152
60.1644 94.1781 0.0000 12.1500 198.6338 17.2031 85.8540 58.1301 6.3747
154.9416 103.9163 12.1500 0.0000 179.6482 79.0626 146.4274 69.0458 102.8757
57.7591 141.1691 198.6338 179.6482 0.0000 76.4024 171.0768 161.8106 92.0785
56.8033 122.3701 17.2031 79.0626 76.4024 0.0000 115.4061 85.4970 111.9739
58.7647 113.5345 85.8540 146.4274 171.0768 115.4061 0.0000 136.5606 55.2190
7.4674 13.6692 58.1301 69.0458 161.8106 85.4970 136.5606 0.0000 62.7896
15.3768 13.3152 6.3747 102.8757 92.0785 111.9739 55.2190 62.7896 0.0000
