9
0.0000 39.3800 110.7208 80.9415 145.1184 222.7235 153.7246 91.8129 179.3308
39.3800 0.0000 72.9206 90.9361 109.5777 232.1522 55.8496 51.4537 286.2411
110.7208 72.9206 0.0000 234.0440 80.3007 155.9865 69.7739 40.0204 210.3014
80.9415 90.9361 234.0440 0.0000 121.4184 9.0113 132.1865 154.7162 60.4438
145.1184 109.5777 80.3007 121.4184 0.0000 7.2661 114.1427 125.7191 130.6645
222.7235 232.1522 155.9865 9.0113 7.2661 0.0000 25.3987 154.9843 140.8847
153.7246 55.8496 69.7739 132.1865 114.1427 25.3987 0.0000 70.9247 86.5867
91.8129 51.4537 40.0204 154.7162 125.7191 154.9843 70.9247 0.0000 144.3253
179.3308 286.2411 210.3014 60.4438 130.6645 140.8847 86.5867 144.3253 0.0000
