9
0.0000 98.7386 119.3760 145.4569 101.5802 97.3823 107.8929 113.0572 88.9628
98.7386 0.0000 57.5619 109.5054 112.3667 87.0329 39.3674 88.2106 66.4870
119.3760 57.5619 0.0000 115.3116 151.6692 142.0632 87.2769 162.5310 93.1226
145.4569 109.5054 115.3116 0.0000 117.4053 97.1757 126.1045 101.4098 108.7219
101.5802 112.3667 151.6692 117.4053 0.0000 47.2060 85.8964 95.3716 103.0910
97.3823 87.0329 142.0632 97.1757 47.2060 0.0000 185.5401 155.1111 107.1682
107.8929 39.3674 87.2769 126.1045 85.8964 185.5401 0.0000 138.5075 122.1922
113.0572 88.2106 162.5310 101.4098 95.3716 155.1111 138.5075 0.0000 101.4388
88.9628 66.4870 93.1226 108.7219 103.0910 107.1682 122.1922 101.4388 0.0000
