9
0.0000 107.4824 101.4547 271.6781 208.7302 223.6556 113.6710 133.1006 9.4049
107.4824 0.0000 225.0872 264.8517 89.2830 157.2145 244.8409 124.4898 36.9807
101.4547 225.0872 0.0000 114.4988 17.5303 42.8334 115.3206 75.8975 109.1220
271.6781 264.8517 114.4988 0.0000 180.3535 89.8879 17.4137 135.3110 101.3133
208.7302 89.2830 17.5303 180.3535 0.0000 114.5417 22.7803 273.1191 176.9847
223.6556 157.2145 42.8334 89.8879 114.5417 0.0000 117.5256 241.7688 57.9122
113.6710 244.8409 115.3206 17.4137 22.7803 117.5256 0.0000 193.9161 35.8437
133.1006 124.4898 75.8975 135.3110 273.1191 241.7688 193.9161 0.0000 196.7305
9.4049 36.9807 109.1220 101.3133 176.9847 57.9122 35.8437 196.7305 0.0000
