9
0.0000 39.7658 113.4636 174.7493 103.1428 151.8770 29.4018 180.7967 141.2241
39.7658 0.0000 124.5741 63.2052 148.5025 39.3929 59.6517 86.4286 38.5845
113.4636 124.5741 0.0000 59.6124 243.5521 81.8285 203.9683 13.2899 69.6349
174.7493 63.2052 59.6124 0.0000 151.4646 66.4541 55.7603 10.3684 86.1576
103.1428 148.5025 243.5521 151.4646 0.0000 55.0997 72.8920 48.7367 110.2700
151.8770 39.3929 81.8285 66.4541 55.0997 0.0000 138.0368 30.0130 88.8385
29.4018 59.6517 203.9683 55.7603 72.8920 138.0368 0.0000 175.1873 17.9067
180.7967 86.4286 13.2899 10.3684 48.7367 30.0130 175.1873 0.0000 57.3521
141.2241 38.5845 69.6349 86.1576 110.2700 88.8385 17.9067 57.3521 0.0000
