9
0.0000 109.9613 95.8837 75.6875 122.6465 99.3466 109.0628 71.6514 98.8408
109.9613 0.0000 116.9044 87.8125 109.5138 103.6001 82.9630 98.6424 117.5327
95.8837 116.9044 0.0000 79.1028 132.7806 117.8197 111.1729 121.0926 85.4345
75.6875 87.8125 79.1028 0.0000 110.7049 105.8098 99.1918 102.0122 98.5950
122.6465 109.5138 132.7806 110.7049 0.0000 113.4490 99.9795 97.3566 97.8352
99.3466 103.6001 117.8197 105.8098 113.4490 0.0000 86.9512 113.5120 90.5053
109.0628 82.9630 111.1729 99.1918 99.9795 86.9512 0.0000 83.1952 93.2094
71.6514 98.6424 121.0926 102.0122 97.3566 113.5120 83.1952 0.0000 95.0800
98.8408 117.5327 85.4345 98.5950 97.8352 90.5053 93.2094 95.0800 0.0000
