9
0.0000 61.4225 56.0812 77.4328 140.3891 126.5249 207.1657 129.0538 18.9755
61.4225 0.0000 173.0833 110.0404 112.5263 117.5899 91.8277 143.2858 149.3929
56.0812 173.0833 0.0000 92.9133 13.6494 24.8267 122.5426 114.5894 59.6769
77.4328 110.0404 92.9133 0.0000 47.1033 60.8531 114.8956 80.2183 173.6810
140.3891 112.5263 13.6494 47.1033 0.0000 229.6798 87.2496 99.3932 49.4818
126.5249 117.5899 24.8267 60.8531 229.6798 0.0000 192.6245 140.4386 72.1625
207.1657 91.8277 122.5426 114.8956 87.2496 192.6245 0.0000 79.9222 83.1846
129.0538 143.2858 114.5894 80.2183 99.3932 140.4386 79.9222 0.0000 105.5036
18.9755 149.3929 59.6769 173.6810 49.4818 72.1625 83.1846 105.5036 0.0000
