9
0.0000 228.0670 69.4541 43.7284 85.0971 15.5854 337.9106 274.8860 161.4177
228.0670 0.0000 170.6601 101.7899 93.6982 55.6669 230.2711 112.1366 25.8423
69.4541 170.6601 0.0000 106.2953 178.3446 135.5340 62.0490 39.6360 2.3462
43.7284 101.7899 106.2953 0.0000 231.0491 92.9242 67.3724 81.8132 112.8995
85.0971 93.6982 178.3446 231.0491 0.0000 95.1396 29.4938 46.9695 193.6176
15.5854 55.6669 135.5340 92.9242 95.1396 0.0000 18.6106 178.1246 121.6107
337.9106 230.2711 62.0490 67.3724 29.4938 18.6106 0.0000 187.5900 201.9290
274.8860 112.1366 39.6360 81.8132 46.9695 178.1246 187.5900 0.0000 142.6567
161.4177 25.8423 2.3462 112.8995 193.6176 121.6107 201.9290 142.6567 0.0000
