10
0.0000 133.9894 53.9698 61.6108 116.0680 108.4417 163.0486 33.8920 153.3898 64.6137
133.9894 0.0000 186.4024 171.3537 153.8177 25.3268 49.6171 174.5865 81.9809 111.3624
53.9698 186.4024 0.0000 132.1517 36.0844 122.5229 154.0042 130.2839 145.7582 74.2439
61.6108 171.3537 132.1517 0.0000 200.9936 62.3322 94.2559 51.7014 92.6317 98.8561
116.0680 153.8177 36.0844 200.9936 0.0000 24.8998 118.0342 61.0178 35.1648 35.9165
108.4417 25.3268 122.5229 62.3322 24.8998 0.0000 69.1936 157.5947 80.9959 97.3477
163.0486 49.6171 154.0042 94.2559 118.0342 69.1936 0.0000 191.4518 76.3025 24.5284
33.8920 174.5865 130.2839 51.7014 61.0178 157.5947 191.4518 0.0000 25.0461 94.9661
153.3898 81.9809 145.7582 92.6317 35.1648 80.9959 76.3025 25.0461 0.0000 124.9021
64.6137 111.3624 74.2439 98.8561 35.9165 97.3477 24.5284 94.9661 124.9021 0.0000
