10
0.0000 104.3944 103.0709 113.0763 91.4086 164.6765 91.9490 149.1379 113.4918 132.8563
104.3944 0.0000 112.2290 220.4023 239.7734 138.2325 156.3996 168.4008 81.8054 173.2661
103.0709 112.2290 0.0000 362.5387 85.2621 129.4113 143.5398 91.1198 71.1844 281.6287
113.0763 220.4023 362.5387 0.0000 152.5051 46.3541 1.0436 129.9634 180.6802 106.6130
91.4086 239.7734 85.2621 152.5051 0.0000 147.1502 158.7466 9.7355 53.1287 49.8534
164.6765 138.2325 129.4113 46.3541 147.1502 0.0000 193.3972 194.6728 205.2383 114.6808
91.9490 156.3996 143.5398 1.0436 158.7466 193.3972 0.0000 87.7641 65.0874 342.7728
149.1379 168.4008 91.1198 129.9634 9.7355 194.6728 87.7641 0.0000 6.9416 116.2240
113.4918 81.8054 71.1844 180.6802 53.1287 205.2383 65.0874 6.9416 0.0000 35.9456
132.8563 173.2661 281.6287 106.6130 49.8534 114.6808 342.7728 116.2240 35.9456 0.0000
