10
0.0000 93.6183 90.9694 81.9745 118.8842 119.2335 102.8155 96.5404 82.3701 101.0616
93.6183 0.0000 94.4421 108.8724 62.5908 74.4083 100.4869 91.1397 85.8110 80.3185
90.9694 94.4421 0.0000 109.4848 87.5033 144.6836 123.1014 76.3305 96.0017 76.3127
81.9745 108.8724 109.4848 0.0000 101.2238 128.2404 114.8979 107.3588 83.8507 91.9209
118.8842 62.5908 87.5033 101.2238 0.0000 138.9050 85.9529 91.4603 89.5479 84.1932
119.2335 74.4083 144.6836 128.2404 138.9050 0.0000 63.3018 95.8898 60.9695 107.2571
102.8155 100.4869 123.1014 114.8979 85.9529 63.3018 0.0000 94.2473 93.6274 113.3820
96.5404 91.1397 76.3305 107.3588 91.4603 95.8898 94.2473 0.0000 94.6266 122.4411
82.3701 85.8110 96.0017 83.8507 89.5479 60.9695 93.6274 94.6266 0.0000 113.8874
101.0616 80.3185 76.3127 91.9209 84.1932 107.2571 113.3820 122.4411 113.8874 0.0000
