10
0.0000 73.5900 115.3658 73.4263 120.4884 110.3310 102.7118 110.6303 125.3881 97.9680
73.5900 0.0000 87.9978 109.0510 133.2794 109.9132 93.0864 121.0371 88.8345 87.8853
115.3658 87.9978 0.0000 119.1348 110.5662 60.8866 65.8397 106.9287 99.5746 130.4030
73.4263 109.0510 119.1348 0.0000 118.8427 98.7417 90.8971 110.8822 84.4483 90.0159
120.4884 133.2794 110.5662 118.8427 0.0000 101.0020 82.4287 78.4915 104.0508 104.5441
110.3310 109.9132 60.8866 98.7417 101.0020 0.0000 95.7763 78.5730 74.1194 114.0404
102.7118 93.0864 65.8397 90.8971 82.4287 95.7763 0.0000 126.1623 111.3234 82.1375
110.6303 121.0371 106.9287 110.8822 78.4915 78.5730 126.1623 0.0000 117.0084 79.4935
125.3881 88.8345 99.5746 84.4483 104.0508 74.1194 111.3234 117.0084 0.0000 84.8844
97.9680 87.8853 130.4030 90.0159 104.5441 114.0404 82.1375 79.4935 84.8844 0.0000
