10
0.0000 59.1719 102.2598 27.2044 108.8594 62.7179 63.7288 89.5797 76.2321 49.8612
59.1719 0.0000 106.6892 139.2611 85.8116 100.0322 85.4584 131.5861 47.4065 146.1090
102.2598 106.6892 0.0000 85.4384 70.4686 136.8191 39.2983 110.3252 88.4004 76.1060
27.2044 139.2611 85.4384 0.0000 114.3661 140.6363 172.0617 113.4625 61.2758 101.8470
108.8594 85.8116 70.4686 114.3661 0.0000 10.7554 71.6623 62.7231 106.9863 175.0153
62.7179 100.0322 136.8191 140.6363 10.7554 0.0000 77.0931 42.7284 29.1777 76.8288
63.7288 85.4584 39.2983 172.0617 71.6623 77.0931 0.0000 44.4089 110.8001 109.8237
89.5797 131.5861 110.3252 113.4625 62.7231 42.7284 44.4089 0.0000 164.9165 142.5392
76.2321 47.4065 88.4004 61.2758 106.9863 29.1777 110.8001 164.9165 0.0000 88.9638
49.8612 146.1090 76.1060 101.8470 175.0153 76.8288 109.8237 142.5392 88.9638 0.0000
