10
0.0000 1.8390 243.4785 261.0930 183.6055 40.4235 166.2662 260.4862 24.7566 178.3668
1.8390 0.0000 23.1092 148.9750 39.9775 95.2151 101.1586 308.2863 181.0829 112.6498
243.4785 23.1092 0.0000 54.8438 198.7263 63.0095 94.0992 118.3499 105.4260 87.6054
261.0930 148.9750 54.8438 0.0000 125.8666 36.5981 119.9431 43.6825 15.7700 158.2353
183.6055 39.9775 198.7263 125.8666 0.0000 73.9441 50.3945 53.5880 14.8001 8.1046
40.4235 95.2151 63.0095 36.5981 73.9441 0.0000 282.5646 195.6126 125.4477 97.5657
166.2662 101.1586 94.0992 119.9431 50.3945 282.5646 0.0000 87.7418 244.1109 248.4591
260.4862 308.2863 118.3499 43.6825 53.5880 195.6126 87.7418 0.0000 198.3849 24.7288
24.7566 181.0829 105.4260 15.7700 14.8001 125.4477 244.1109 198.3849 0.0000 155.2625
178.3668 112.6498 87.6054 158.2353 8.1046 97.5657 248.4591 24.7288 155.2625 0.0000
