11
0.0000 17.6324 94.4717 101.4480 53.1813 211.5252 252.3659 122.7435 61.5617 21.7053 228.9128
17.6324 0.0000 189.6288 382.1614 62.0701 172.6735 196.0197 207.5103 132.9337 233.0198 51.4268
94.4717 189.6288 0.0000 70.8943 208.0288 130.2804 187.9919 113.4567 174.4922 124.7808 291.4078
101.4480 382.1614 70.8943 0.0000 107.6126 122.4185 136.3540 184.2996 77.7632 105.7920 211.9349
53.1813 62.0701 208.0288 107.6126 0.0000 73.1466 79.0178 45.9204 42.3727 50.4370 169.6268
211.5252 172.6735 130.2804 122.4185 73.1466 0.0000 41.2654 113.0733 116.9724 113.5223 288.8834
252.3659 196.0197 187.9919 136.3540 79.0178 41.2654 0.0000 34.1705 177.2858 61.3896 0.4962
122.7435 207.5103 113.4567 184.2996 45.9204 113.0733 34.1705 0.0000 176.7649 89.1880 48.4678
61.5617 132.9337 174.4922 77.7632 42.3727 116.9724 177.2858 176.7649 0.0000 71.0551 126.2656
21.7053 233.0198 124.7808 105.7920 50.4370 113.5223 61.3896 89.1880 71.0551 0.0000 236.4757
228.9128 51.4268 291.4078 211.9349 169.6268 288.8834 0.4962 48.4678 126.2656 236.4757 0.0000
