11
0.0000 99.0444 102.5497 69.9546 82.7846 127.4347 112.9464 108.9138 85.1557 96.9097 124.6081
99.0444 0.0000 76.3914 60.8071 104.0481 109.3735 92.5276 109.3558 67.4369 85.2512 68.3422
102.5497 76.3914 0.0000 76.2660 65.1115 82.6518 87.4372 97.7336 144.9379 93.1132 123.4895
69.9546 60.8071 76.2660 0.0000 97.7216 81.1310 68.6750 109.3056 115.9313 94.9873 132.9485
82.7846 104.0481 65.1115 97.7216 0.0000 93.7329 114.1087 141.4588 111.8963 106.0326 95.3531
127.4347 109.3735 82.6518 81.1310 93.7329 0.0000 100.9065 78.5925 73.0647 126.3607 106.1923
112.9464 92.5276 87.4372 68.6750 114.1087 100.9065 0.0000 78.1695 96.3342 89.0587 84.1944
108.9138 109.3558 97.7336 109.3056 141.4588 78.5925 78.1695 0.0000 101.5840 113.4521 102.1479
85.1557 67.4369 144.9379 115.9313 111.8963 73.0647 96.3342 101.5840 0.0000 106.6277 107.7106
96.9097 85.2512 93.1132 94.9873 106.0326 126.3607 89.0587 113.4521 106.6277 0.0000 127.4757
124.6081 68.3422 123.4895 132.9485 95.3531 106.1923 84.1944 102.1479 107.7106 127.4757 0.0000
