11
0.0000 47.7044 2.0481 52.6322 135.9961 53.1436 90.3118 179.8026 109.1666 56.6170 55.7473
47.7044 0.0000 65.4246 96.5069 172.7968 91.8191 155.7270 158.3383 113.5053 57.7846 120.3111
2.0481 65.4246 0.0000 170.8907 34.5724 153.6896 81.5883 27.8480 81.9157 74.5380 100.5290
52.6322 96.5069 170.8907 0.0000 60.5545 2.3236 137.1051 73.2123 109.4010 182.1351 132.6491
135.9961 172.7968 34.5724 60.5545 0.0000 60.6356 88.4465 167.9238 46.8018 75.7533 61.8972
53.1436 91.8191 153.6896 2.3236 60.6356 0.0000 56.8476 13.0166 49.1286 152.6651 51.6421
90.3118 155.7270 81.5883 137.1051 88.4465 56.8476 0.0000 96.8588 148.9687 159.1624 67.5586
179.8026 158.3383 27.8480 73.2123 167.9238 13.0166 96.8588 0.0000 38.5962 73.7571 183.2320
109.1666 113.5053 81.9157 109.4010 46.8018 49.1286 148.9687 38.5962 0.0000 131.8173 90.1277
56.6170 57.7846 74.5380 182.1351 75.7533 152.6651 159.1624 73.7571 131.8173 0.0000 117.0870
55.7473 120.3111 100.5290 132.6491 61.8972 51.6421 67.5586 183.2320 90.1277 117.0870 0.0000
