11
0.0000 97.7823 123.1269 97.7382 122.3839 128.0400 90.7649 118.8451 126.9538 102.3779 116.1526
97.7823 0.0000 108.9067 104.9054 93.5672 98.4464 61.5608 93.6779 97.6890 97.3320 103.4593
123.1269 108.9067 0.0000 79.9856 91.3519 103.8449 123.0969 95.6977 112.8503 80.5812 72.6749
97.7382 104.9054 79.9856 0.0000 118.4403 106.8709 98.0037 122.4189 60.0261 111.1159 79.7230
122.3839 93.5672 91.3519 118.4403 0.0000 115.2531 105.5850 90.6593 130.4503 126.9962 85.2357
128.0400 98.4464 103.8449 106.8709 115.2531 0.0000 102.2050 127.1590 77.5949 113.2690 107.5793
90.7649 61.5608 123.0969 98.0037 105.5850 102.2050 0.0000 98.2362 83.9550 107.6239 83.5612
118.8451 93.6779 95.6977 122.4189 90.6593 127.1590 98.2362 0.0000 96.2607 98.5008 133.7060
126.9538 97.6890 112.8503 60.0261 130.4503 77.5949 83.9550 96.2607 0.0000 69.3259 132.3672
102.3779 97.3320 80.5812 111.1159 126.9962 113.2690 107.6239 98.5008 69.3259 0.0000 99.0835
116.1526 103.4593 72.6749 79.7230 85.2357 107.5793 83.5612 133.7060 132.3672 99.0835 0.0000
