11
0.0000 48.2941 124.7360 173.8433 73.7256 108.7447 100.8837 48.2688 213.2974 112.9794 141.3272
48.2941 0.0000 59.1220 141.7808 116.7503 24.3243 135.7503 16.8271 96.5409 77.0779 98.1010
124.7360 59.1220 0.0000 83.6268 79.7250 36.1151 96.1351 39.9018 55.6794 49.1786 90.7175
173.8433 141.7808 83.6268 0.0000 78.8774 104.2926 135.3233 21.1470 99.2131 98.6127 162.9349
73.7256 116.7503 79.7250 78.8774 0.0000 220.3437 63.4638 122.9610 60.2955 161.1595 56.0079
108.7447 24.3243 36.1151 104.2926 220.3437 0.0000 118.3127 49.9342 96.7749 21.8434 106.2825
100.8837 135.7503 96.1351 135.3233 63.4638 118.3127 0.0000 19.6092 44.3007 108.3811 181.6206
48.2688 16.8271 39.9018 21.1470 122.9610 49.9342 19.6092 0.0000 56.5839 97.3220 130.4139
213.2974 96.5409 55.6794 99.2131 60.2955 96.7749 44.3007 56.5839 0.0000 99.6372 83.6250
112.9794 77.0779 49.1786 98.6127 161.1595 21.8434 108.3811 97.3220 99.6372 0.0000 74.9107
141.3272 98.1010 90.7175 162.9349 56.0079 106.2825 181.6206 130.4139 83.6250 74.9107 0.0000
