11
0.0000 86.1249 86.2338 88.5576 100.1135 91.0869 87.6567 106.4838 115.0880 100.8374 89.6573
86.1249 0.0000 103.1436 93.4279 88.9516 111.2295 87.6112 78.5542 78.3811 107.7895 79.8430
86.2338 103.1436 0.0000 110.1273 109.8411 102.2793 131.5068 94.3127 78.2080 129.2799 77.5877
88.5576 93.4279 110.1273 0.0000 76.7088 91.1446 141.2198 95.0887 112.2205 102.4976 102.4125
100.1135 88.9516 109.8411 76.7088 0.0000 77.9752 101.6870 99.9754 120.3981 69.2194 91.5347
91.0869 111.2295 102.2793 91.1446 77.9752 0.0000 78.3319 98.8858 93.4953 118.6059 100.0015
87.6567 87.6112 131.5068 141.2198 101.6870 78.3319 0.0000 118.9563 142.7856 97.0056 98.4382
106.4838 78.5542 94.3127 95.0887 99.9754 98.8858 118.9563 0.0000 102.9930 90.8144 61.9651
115.0880 78.3811 78.2080 112.2205 120.3981 93.4953 142.7856 102.9930 0.0000 73.6079 123.5919
100.8374 107.7895 129.2799 102.4976 69.2194 118.6059 97.0056 90.8144 73.6079 0.0000 92.2208
89.6573 79.8430 77.5877 102.4125 91.5347 100.0015 98.4382 61.9651 123.5919 92.2208 0.0000
