11
0.0000 141.6955 102.3816 106.3579 154.1809 192.4269 16.6699 254.4468 97.9666 18.7507 143.1126
141.6955 0.0000 115.2324 47.3998 235.6402 174.3402 65.4320 156.1048 113.3803 16.0556 85.3745
102.3816 115.2324 0.0000 183.6205 309.6980 196.5316 60.2283 174.1454 198.5292 116.7616 141.6130
106.3579 47.3998 183.6205 0.0000 223.2476 267.4487 56.2162 139.2144 31.4006 151.9432 160.6481
154.1809 235.6402 309.6980 223.2476 0.0000 182.2254 38.8351 256.2417 233.7248 252.2440 163.2126
192.4269 174.3402 196.5316 267.4487 182.2254 0.0000 65.2811 63.7668 121.5718 75.5769 117.6830
16.6699 65.4320 60.2283 56.2162 38.8351 65.2811 0.0000 171.7600 165.3850 86.3633 320.8992
254.4468 156.1048 174.1454 139.2144 256.2417 63.7668 171.7600 0.0000 189.6475 177.0010 227.3760
97.9666 113.3803 198.5292 31.4006 233.7248 121.5718 165.3850 189.6475 0.0000 41.8745 103.3808
18.7507 16.0556 116.7616 151.9432 252.2440 75.5769 86.3633 177.0010 41.8745 0.0000 115.5419
143.1126 85.3745 141.6130 160.6481 163.2126 117.6830 320.8992 227.3760 103.3808 115.5419 0.0000
