12
0.0000 124.6889 110.9176 41.5128 135.6921 161.1495 64.8225 41.8528 172.3697 219.3508 20.0337 78.9893
124.6889 0.0000 51.5218 54.2967 98.4860 31.6657 176.1020 127.0004 99.1227 74.3902 66.4446 191.2175
110.9176 51.5218 0.0000 106.2013 118.5320 102.8548 143.8428 158.5506 216.5544 79.0778 106.5276 92.6260
41.5128 54.2967 106.2013 0.0000 131.0100 138.6531 109.9933 116.1420 68.3900 126.5782 97.4129 80.8648
135.6921 98.4860 118.5320 131.0100 0.0000 70.0262 131.6772 117.0027 40.2540 93.6508 99.6302 174.6152
161.1495 31.6657 102.8548 138.6531 70.0262 0.0000 94.9051 127.6872 107.8345 52.6129 76.7249 98.8142
64.8225 176.1020 143.8428 109.9933 131.6772 94.9051 0.0000 81.2942 213.0260 65.9587 42.5554 206.5978
41.8528 127.0004 158.5506 116.1420 117.0027 127.6872 81.2942 0.0000 95.8149 183.0606 95.7917 175.8478
172.3697 99.1227 216.5544 68.3900 40.2540 107.8345 213.0260 95.8149 0.0000 163.8030 39.8899 35.8159
219.3508 74.3902 79.0778 126.5782 93.6508 52.6129 65.9587 183.0606 163.8030 0.0000 126.3175 157.4499
20.0337 66.4446 106.5276 97.4129 99.6302 76.7249 42.5554 95.7917 39.8899 126.3175 0.0000 66.9186
78.9893 191.2175 92.6260 80.8648 174.6152 98.8142 206.5978 175.8478 35.8159 157.4499 66.9186 0.0000
