12
0.0000 121.6919 123.6956 97.8604 121.0705 89.2751 98.3200 120.9431 154.6321 72.8221 94.8023 97.3496
121.6919 0.0000 100.4643 105.9369 121.2679 103.2592 95.4449 111.4817 124.5734 112.5879 85.6447 101.3888
123.6956 100.4643 0.0000 105.5235 57.3012 106.3941 104.1973 77.1698 80.6561 91.1867 112.3858 97.6143
97.8604 105.9369 105.5235 0.0000 64.5763 100.5617 99.5072 115.0423 112.5441 115.0773 126.7425 69.9086
121.0705 121.2679 57.3012 64.5763 0.0000 109.9146 91.7252 105.8841 96.2356 79.6759 97.1020 91.6585
89.2751 103.2592 106.3941 100.5617 109.9146 0.0000 88.2374 119.8089 97.4180 67.7522 119.9894 82.6121
98.3200 95.4449 104.1973 99.5072 91.7252 88.2374 0.0000 120.8546 95.0102 99.7896 89.3291 110.6221
120.9431 111.4817 77.1698 115.0423 105.8841 119.8089 120.8546 0.0000 95.7800 126.3364 132.7389 52.3086
154.6321 124.5734 80.6561 112.5441 96.2356 97.4180 95.0102 95.7800 0.0000 118.2714 59.1769 90.9308
72.8221 112.5879 91.1867 115.0773 79.6759 67.7522 99.7896 126.3364 118.2714 0.0000 114.7414 87.1374
94.8023 85.6447 112.3858 126.7425 97.1020 119.9894 89.3291 132.7389 59.1769 114.7414 0.0000 156.5981
97.3496 101.3888 97.6143 69.9086 91.6585 82.6121 110.6221 52.3086 90.9308 87.1374 156.5981 0.0000
