12
0.0000 73.3077 54.8937 48.8558 149.4115 80.7997 89.4619 80.1198 64.2349 140.1018 84.6998 138.1911
73.3077 0.0000 95.1552 54.0304 115.2672 19.9315 167.0606 85.0246 126.8355 18.5684 140.0414 91.6565
54.8937 95.1552 0.0000 78.4667 158.4968 116.9094 179.1061 173.8587 108.4229 48.2899 71.3166 85.7400
48.8558 54.0304 78.4667 0.0000 93.1727 44.8005 75.5312 194.5806 126.6481 114.1308 75.5747 83.2869
149.4115 115.2672 158.4968 93.1727 0.0000 152.9030 140.1830 52.6528 33.2567 179.3085 57.5926 127.5931
80.7997 19.9315 116.9094 44.8005 152.9030 0.0000 136.5918 82.9233 114.5867 152.5897 180.4794 132.2941
89.4619 167.0606 179.1061 75.5312 140.1830 136.5918 0.0000 130.0404 135.4035 151.9525 21.4846 140.4108
80.1198 85.0246 173.8587 194.5806 52.6528 82.9233 130.0404 0.0000 106.3343 115.4834 160.4986 161.2267
64.2349 126.8355 108.4229 126.6481 33.2567 114.5867 135.4035 106.3343 0.0000 83.3549 82.5280 191.7366
140.1018 18.5684 48.2899 114.1308 179.3085 152.5897 151.9525 115.4834 83.3549 0.0000 142.6832 141.7250
84.6998 140.0414 71.3166 75.5747 57.5926 180.4794 21.4846 160.4986 82.5280 142.6832 0.0000 179.5558
138.1911 91.6565 85.7400 83.2869 127.5931 132.2941 140.4108 161.2267 191.7366 141.7250 179.5558 0.0000
