12
0.0000 135.5254 100.5198 110.7954 169.8467 125.3081 108.2553 107.4361 112.6156 139.7667 131.1858 147.4458
135.5254 0.0000 31.2709 138.6417 108.8733 112.8594 148.1677 162.9879 99.7165 99.3822 126.0465 205.2219
100.5198 31.2709 0.0000 140.5677 82.0790 101.0890 110.9322 61.9669 58.2185 81.6743 132.4873 134.1211
110.7954 138.6417 140.5677 0.0000 93.6824 126.2470 131.8680 131.9569 142.3679 54.0524 100.6560 162.5827
169.8467 108.8733 82.0790 93.6824 0.0000 120.8189 103.7026 110.6957 53.0317 55.3697 114.3381 39.9889
125.3081 112.8594 101.0890 126.2470 120.8189 0.0000 82.2518 175.1767 111.6339 110.3088 89.8485 78.5853
108.2553 148.1677 110.9322 131.8680 103.7026 82.2518 0.0000 93.7250 101.1189 170.6781 146.2041 110.4470
107.4361 162.9879 61.9669 131.9569 110.6957 175.1767 93.7250 0.0000 95.7828 100.2257 112.2562 187.3615
112.6156 99.7165 58.2185 142.3679 53.0317 111.6339 101.1189 95.7828 0.0000 102.3490 195.7939 134.8724
139.7667 99.3822 81.6743 54.0524 55.3697 110.3088 170.6781 100.2257 102.3490 0.0000 97.5212 83.4756
131.1858 126.0465 132.4873 100.6560 114.3381 89.8485 146.2041 112.2562 195.7939 97.5212 0.0000 6.8348
147.4458 205.2219 134.1211 162.5827 39.9889 78.5853 110.4470 187.3615 134.8724 83.4756 6.8348 0.0000
