12
0.0000 99.1243 166.9622 132.8026 145.6022 26.2209 55.2761 72.4769 86.4426 229.3710 134.1585 4.7899
99.1243 0.0000 220.8475 167.1052 212.5201 158.9152 176.6567 92.4995 181.9467 145.6011 231.0677 82.5526
166.9622 220.8475 0.0000 81.2588 86.1989 143.6716 174.7303 183.9464 98.5693 163.4312 133.0439 88.9248
132.8026 167.1052 81.2588 0.0000 125.9265 154.2817 117.3230 196.2241 101.6410 143.7328 64.2123 216.7959
145.6022 212.5201 86.1989 125.9265 0.0000 212.1796 180.6598 256.0176 157.4970 153.4676 200.1488 94.8241
26.2209 158.9152 143.6716 154.2817 212.1796 0.0000 38.6318 91.8171 58.0111 38.2857 61.1634 51.2726
55.2761 176.6567 174.7303 117.3230 180.6598 38.6318 0.0000 264.7485 85.0538 242.3321 21.0778 152.8715
72.4769 92.4995 183.9464 196.2241 256.0176 91.8171 264.7485 0.0000 182.7421 161.0630 272.6352 165.2502
86.4426 181.9467 98.5693 101.6410 157.4970 58.0111 85.0538 182.7421 0.0000 193.4422 95.7842 142.0586
229.3710 145.6011 163.4312 143.7328 153.4676 38.2857 242.3321 161.0630 193.4422 0.0000 224.0087 145.2249
134.1585 231.0677 133.0439 64.2123 200.1488 61.1634 21.0778 272.6352 95.7842 224.0087 0.0000 49.7332
4.7899 82.5526 88.9248 216.7959 94.8241 51.2726 152.8715 165.2502 142.0586 145.2249 49.7332 0.0000
