12
0.0000 100.0933 89.5112 115.7351 105.5391 94.6039 100.9842 71.8664 97.2504 93.9948 90.8287 79.4048
100.0933 0.0000 94.1335 80.2150 84.3336 98.2575 84.9358 73.1049 129.5125 109.2081 141.1531 106.3786
89.5112 94.1335 0.0000 97.8500 80.7368 108.8914 120.4141 104.4700 71.8459 80.7861 111.7805 91.1008
115.7351 80.2150 97.8500 0.0000 96.2899 76.2045 69.8417 87.0717 125.7925 92.7521 73.0760 96.6809
105.5391 84.3336 80.7368 96.2899 0.0000 112.6398 82.0218 79.2189 131.8286 97.8557 95.7791 114.9037
94.6039 98.2575 108.8914 76.2045 112.6398 0.0000 120.3507 83.7460 59.7603 125.1125 96.4239 130.2058
100.9842 84.9358 120.4141 69.8417 82.0218 120.3507 0.0000 111.4477 86.8731 115.5365 82.2692 102.5958
71.8664 73.1049 104.4700 87.0717 79.2189 83.7460 111.4477 0.0000 80.2540 88.1144 88.5089 104.2842
97.2504 129.5125 71.8459 125.7925 131.8286 59.7603 86.8731 80.2540 0.0000 107.5856 128.2500 87.9664
93.9948 109.2081 80.7861 92.7521 97.8557 125.1125 115.5365 88.1144 107.5856 0.0000 113.7085 91.2565
90.8287 141.1531 111.7805 73.0760 95.7791 96.4239 82.2692 88.5089 128.2500 113.7085 0.0000 123.8471
79.4048 106.3786 91.1008 96.6809 114.9037 130.2058 102.5958 104.2842 87.9664 91.2565 123.8471 0.0000
