12
0.0000 122.7658 125.0442 117.5885 68.8274 107.3457 103.3131 97.4597 88.0563 76.5556 105.4249 96.3725
122.7658 0.0000 105.3240 104.3358 125.9669 68.6894 79.1738 107.7048 109.7250 90.1436 102.3419 102.2865
125.0442 105.3240 0.0000 91.0254 102.1188 100.6434 107.2670 107.3583 82.8813 110.6952 116.0928 90.8217
117.5885 104.3358 91.0254 0.0000 149.7258 88.7140 67.7862 108.3530 77.5196 125.6707 119.0449 138.6484
68.8274 125.9669 102.1188 149.7258 0.0000 99.3501 80.2505 91.7901 100.9382 67.4035 101.6439 117.2181
107.3457 68.6894 100.6434 88.7140 99.3501 0.0000 107.1776 95.2948 125.9691 81.0241 68.4324 106.2476
103.3131 79.1738 107.2670 67.7862 80.2505 107.1776 0.0000 83.3041 117.6306 112.7378 108.7142 66.5933
97.4597 107.7048 107.3583 108.3530 91.7901 95.2948 83.3041 0.0000 101.2556 122.6053 102.6349 91.3157
88.0563 109.7250 82.8813 77.5196 100.9382 125.9691 117.6306 101.2556 0.0000 111.8806 99.3334 110.5501
76.5556 90.1436 110.6952 125.6707 67.4035 81.0241 112.7378 122.6053 111.8806 0.0000 100.9114 128.7369
105.4249 102.3419 116.0928 119.0449 101.6439 68.4324 108.7142 102.6349 99.3334 100.9114 0.0000 77.5574
96.3725 102.2865 90.8217 138.6484 117.2181 106.2476 66.5933 91.3157 110.5501 128.7369 77.5574 0.0000
