12
0.0000 131.3254 17.1433 169.6144 52.3637 168.6614 108.1699 235.3858 202.8999 152.6017 207.0928 196.6124
131.3254 0.0000 259.1898 140.5358 13.9112 161.2851 47.8567 314.7512 78.6672 114.3874 4.2588 98.7855
17.1433 259.1898 0.0000 206.3290 87.7671 57.3005 181.6145 77.7457 107.8054 0.3853 168.3171 92.9824
169.6144 140.5358 206.3290 0.0000 238.5706 163.5759 228.0401 309.2766 152.3845 12.8420 12.9466 149.9269
52.3637 13.9112 87.7671 238.5706 0.0000 147.5561 229.8460 156.2019 76.4008 78.9905 67.2659 122.2395
168.6614 161.2851 57.3005 163.5759 147.5561 0.0000 131.5934 146.2899 253.9855 183.4722 140.0791 235.5914
108.1699 47.8567 181.6145 228.0401 229.8460 131.5934 0.0000 113.7871 78.2474 182.0818 180.7290 246.6358
235.3858 314.7512 77.7457 309.2766 156.2019 146.2899 113.7871 0.0000 216.1780 253.9612 229.8135 194.9340
202.8999 78.6672 107.8054 152.3845 76.4008 253.9855 78.2474 216.1780 0.0000 152.1200 231.2744 37.9090
152.6017 114.3874 0.3853 12.8420 78.9905 183.4722 182.0818 253.9612 152.1200 0.0000 132.5233 259.8666
207.0928 4.2588 168.3171 12.9466 67.2659 140.0791 180.7290 229.8135 231.2744 132.5233 0.0000 109.7793
196.6124 98.7855 92.9824 149.9269 122.2395 235.5914 246.6358 194.9340 37.9090 259.8666 109.7793 0.0000
