13
0.0000 136.3698 11.6827 111.7922 130.5721 69.1011 90.1250 130.5999 76.9658 99.4995 78.3420 144.5382 74.1959
136.3698 0.0000 111.8725 110.0947 155.2960 145.8799 62.2901 61.7353 83.9284 18.1621 126.4615 78.1566 144.6118
11.6827 111.8725 0.0000 67.2673 22.9600 174.7594 197.0509 99.8949 52.7460 117.4637 114.7993 96.5642 127.7017
111.7922 110.0947 67.2673 0.0000 88.1642 45.4829 100.5919 115.9261 106.6471 184.0346 71.6057 153.6278 128.2788
130.5721 155.2960 22.9600 88.1642 0.0000 50.2937 112.8282 115.4473 179.0888 100.0585 143.3441 120.8392 188.0368
69.1011 145.8799 174.7594 45.4829 50.2937 0.0000 64.8104 58.2911 147.6287 77.7494 158.1324 60.3327 129.4289
90.1250 62.2901 197.0509 100.5919 112.8282 64.8104 0.0000 19.3191 114.8072 153.9791 192.6168 163.3263 139.7757
130.5999 61.7353 99.8949 115.9261 115.4473 58.2911 19.3191 0.0000 88.8912 126.0793 48.8128 65.7879 146.8544
76.9658 83.9284 52.7460 106.6471 179.0888 147.6287 114.8072 88.8912 0.0000 79.2535 63.6636 136.8473 100.4932
99.4995 18.1621 117.4637 184.0346 100.0585 77.7494 153.9791 126.0793 79.2535 0.0000 86.9439 97.5552 57.6812
78.3420 126.4615 114.7993 71.6057 143.3441 158.1324 192.6168 48.8128 63.6636 86.9439 0.0000 44.7997 79.2350
144.5382 78.1566 96.5642 153.6278 120.8392 60.3327 163.3263 65.7879 136.8473 97.5552 44.7997 0.0000 108.5322
74.1959 144.6118 127.7017 128.2788 188.0368 129.4289 139.7757 146.8544 100.4932 57.6812 79.2350 108.5322 0.0000
