13
0.0000 183.2645 94.6117 246.4015 122.4835 55.6110 23.6930 184.7216 251.6676 9.0160 134.7894 272.7777 140.5341
183.2645 0.0000 92.1438 20.9161 249.3146 209.9824 14.4605 20.7387 91.0843 152.2714 116.4134 176.9822 94.9485
94.6117 92.1438 0.0000 186.2079 32.4042 275.6686 72.4020 91.5037 107.4797 308.1258 142.3873 44.7811 189.0953
246.4015 20.9161 186.2079 0.0000 121.4053 263.5896 179.7093 259.0480 141.6199 125.1587 168.5484 88.6989 145.7859
122.4835 249.3146 32.4042 121.4053 0.0000 85.6741 242.5672 68.2120 312.8304 133.7275 68.5429 212.6097 20.1990
55.6110 209.9824 275.6686 263.5896 85.6741 0.0000 139.8782 191.6052 50.9425 123.0361 125.2025 189.2666 207.3933
23.6930 14.4605 72.4020 179.7093 242.5672 139.8782 0.0000 103.0424 106.5708 116.3506 53.2439 102.4917 24.9504
184.7216 20.7387 91.5037 259.0480 68.2120 191.6052 103.0424 0.0000 44.4138 132.2658 186.6934 82.6487 105.1369
251.6676 91.0843 107.4797 141.6199 312.8304 50.9425 106.5708 44.4138 0.0000 123.8579 85.7078 132.2183 160.4109
9.0160 152.2714 308.1258 125.1587 133.7275 123.0361 116.3506 132.2658 123.8579 0.0000 110.7029 181.5306 6.0983
134.7894 116.4134 142.3873 168.5484 68.5429 125.2025 53.2439 186.6934 85.7078 110.7029 0.0000 119.3419 100.5699
272.7777 176.9822 44.7811 88.6989 212.6097 189.2666 102.4917 82.6487 132.2183 181.5306 119.3419 0.0000 19.1702
140.5341 94.9485 189.0953 145.7859 20.1990 207.3933 24.9504 105.1369 160.4109 6.0983 100.5699 19.1702 0.0000
