13
0.0000 21.6738 39.4509 132.9771 121.2551 86.4554 183.9726 65.9528 117.1004 100.1939 83.7293 169.1820 134.8261
21.6738 0.0000 139.4128 93.7743 119.7657 55.9425 108.0862 31.2839 36.1567 175.5582 74.7565 95.2232 36.1590
39.4509 139.4128 0.0000 199.1798 51.3801 77.6722 123.9362 74.5840 103.8640 127.0369 68.2025 78.3133 89.1616
132.9771 93.7743 199.1798 0.0000 145.3539 148.3123 23.1729 183.8937 123.1783 111.8094 3.0379 104.1624 127.8662
121.2551 119.7657 51.3801 145.3539 0.0000 23.6482 68.7499 162.2284 80.1481 86.8498 98.1812 75.3239 69.5908
86.4554 55.9425 77.6722 148.3123 23.6482 0.0000 159.5323 99.4176 75.3064 146.2786 141.6299 69.7047 120.5038
183.9726 108.0862 123.9362 23.1729 68.7499 159.5323 0.0000 146.5183 50.0738 165.1375 136.7652 104.6829 221.8413
65.9528 31.2839 74.5840 183.8937 162.2284 99.4176 146.5183 0.0000 18.1790 76.9532 51.6440 55.1531 88.1613
117.1004 36.1567 103.8640 123.1783 80.1481 75.3064 50.0738 18.1790 0.0000 27.5210 133.9717 32.9014 111.1934
100.1939 175.5582 127.0369 111.8094 86.8498 146.2786 165.1375 76.9532 27.5210 0.0000 158.7613 162.8291 89.8285
83.7293 74.7565 68.2025 3.0379 98.1812 141.6299 136.7652 51.6440 133.9717 158.7613 0.0000 105.3490 106.3784
169.1820 95.2232 78.3133 104.1624 75.3239 69.7047 104.6829 55.1531 32.9014 162.8291 105.3490 0.0000 109.1332
134.8261 36.1590 89.1616 127.8662 69.5908 120.5038 221.8413 88.1613 111.1934 89.8285 106.3784 109.1332 0.0000
