13
0.0000 106.3220 225.0554 11.8916 179.4277 22.4954 166.6177 54.1677 100.5433 230.3348 82.4770 210.5390 114.4950
106.3220 0.0000 139.2542 244.5678 190.7964 171.2536 113.5402 150.2521 19.5003 251.4738 94.0094 247.0986 179.9866
225.0554 139.2542 0.0000 32.6087 291.3806 95.6684 222.7995 149.4707 123.0247 33.3669 6.2409 34.5601 310.8329
11.8916 244.5678 32.6087 0.0000 194.4451 169.2316 12.4413 72.3858 121.3616 43.2445 68.5602 5.8739 206.5268
179.4277 190.7964 291.3806 194.4451 0.0000 98.9546 268.8589 168.1507 67.3123 180.2475 50.6492 168.6813 45.3705
22.4954 171.2536 95.6684 169.2316 98.9546 0.0000 239.7020 12.1861 87.3096 178.9133 253.3053 177.2229 57.2607
166.6177 113.5402 222.7995 12.4413 268.8589 239.7020 0.0000 52.1637 106.8095 161.6575 145.5577 174.7942 67.3054
54.1677 150.2521 149.4707 72.3858 168.1507 12.1861 52.1637 0.0000 46.8416 60.7066 32.5983 54.1940 185.4119
100.5433 19.5003 123.0247 121.3616 67.3123 87.3096 106.8095 46.8416 0.0000 185.2180 91.0859 268.6331 111.0689
230.3348 251.4738 33.3669 43.2445 180.2475 178.9133 161.6575 60.7066 185.2180 0.0000 55.7787 153.5498 220.9692
82.4770 94.0094 6.2409 68.5602 50.6492 253.3053 145.5577 32.5983 91.0859 55.7787 0.0000 181.1654 30.2124
210.5390 247.0986 34.5601 5.8739 168.6813 177.2229 174.7942 54.1940 268.6331 153.5498 181.1654 0.0000 53.3558
114.4950 179.9866 310.8329 206.5268 45.3705 57.2607 67.3054 185.4119 111.0689 220.9692 30.2124 53.3558 0.0000
