13
0.0000 46.1732 102.3645 78.9438 118.4028 34.8926 49.3093 182.4243 90.6106 198.3129 153.7504 105.2003 52.4143
46.1732 0.0000 150.7717 164.0503 117.1456 86.6845 16.8343 151.4333 57.6316 111.3593 171.4406 163.5721 95.7783
102.3645 150.7717 0.0000 54.3173 205.5961 136.4802 97.3913 74.9561 127.2654 49.6755 135.6934 56.4505 183.3523
78.9438 164.0503 54.3173 0.0000 197.7134 114.3040 87.1686 197.8339 36.8737 115.6925 131.5585 83.3038 196.4071
118.4028 117.1456 205.5961 197.7134 0.0000 171.5383 139.1425 63.2744 2.4175 153.5715 108.7196 47.0547 185.5996
34.8926 86.6845 136.4802 114.3040 171.5383 0.0000 108.9000 57.6416 104.3443 145.2363 39.2152 130.2171 135.9578
49.3093 16.8343 97.3913 87.1686 139.1425 108.9000 0.0000 44.1470 85.5021 86.4833 5.6912 117.2994 82.6267
182.4243 151.4333 74.9561 197.8339 63.2744 57.6416 44.1470 0.0000 90.9586 14.5901 129.3277 27.4718 171.6469
90.6106 57.6316 127.2654 36.8737 2.4175 104.3443 85.5021 90.9586 0.0000 198.3627 89.2351 23.0905 56.6183
198.3129 111.3593 49.6755 115.6925 153.5715 145.2363 86.4833 14.5901 198.3627 0.0000 29.9048 67.6546 83.8696
153.7504 171.4406 135.6934 131.5585 108.7196 39.2152 5.6912 129.3277 89.2351 29.9048 0.0000 30.7938 53.9828
105.2003 163.5721 56.4505 83.3038 47.0547 130.2171 117.2994 27.4718 23.0905 67.6546 30.7938 0.0000 84.6180
52.4143 95.7783 183.3523 196.4071 185.5996 135.9578 82.6267 171.6469 56.6183 83.8696 53.9828 84.6180 0.0000
