13
0.0000 81.5584 100.9023 86.7763 88.0095 109.0082 68.1981 153.7411 128.4048 91.3501 111.5983 70.8380 74.2236
81.5584 0.0000 121.2621 95.3712 113.9141 110.9872 98.2073 98.2688 98.8333 71.3157 123.9815 83.4051 100.4724
100.9023 121.2621 0.0000 98.1711 89.4644 113.7003 127.5878 100.6703 122.0622 79.1181 100.8358 83.1484 78.9726
86.7763 95.3712 98.1711 0.0000 142.4384 85.4727 75.6596 106.2728 96.7749 101.5260 97.5567 132.7362 80.4560
88.0095 113.9141 89.4644 142.4384 0.0000 109.6154 125.3034 113.8547 88.5136 79.6284 77.8562 96.5814 118.1338
109.0082 110.9872 113.7003 85.4727 109.6154 0.0000 89.0675 88.3438 109.1387 77.2514 96.1844 102.5726 74.8831
68.1981 98.2073 127.5878 75.6596 125.3034 89.0675 0.0000 101.6919 74.1380 92.8089 99.0000 132.8526 112.5226
153.7411 98.2688 100.6703 106.2728 113.8547 88.3438 101.6919 0.0000 75.8381 112.7224 70.4242 123.6963 82.1864
128.4048 98.8333 122.0622 96.7749 88.5136 109.1387 74.1380 75.8381 0.0000 96.9587 92.9300 129.7285 126.1320
91.3501 71.3157 79.1181 101.5260 79.6284 77.2514 92.8089 112.7224 96.9587 0.0000 120.0931 86.1640 70.6266
111.5983 123.9815 100.8358 97.5567 77.8562 96.1844 99.0000 70.4242 92.9300 120.0931 0.0000 113.4519 93.4283
70.8380 83.4051 83.1484 132.7362 96.5814 102.5726 132.8526 123.6963 129.7285 86.1640 113.4519 0.0000 79.3607
74.2236 100.4724 78.9726 80.4560 118.1338 74.8831 112.5226 82.1864 126.1320 70.6266 93.4283 79.3607 0.0000
