13
0.0000 106.6061 97.5880 106.5356 146.9064 97.8855 103.1141 100.1006 100.2134 101.1079 93.0070 91.7735 93.6189
106.6061 0.0000 100.8872 136.5179 101.0926 108.2336 94.8396 102.4883 117.6235 101.5897 91.5640 97.0431 119.4980
97.5880 100.8872 0.0000 132.1116 88.9770 98.8513 126.0518 81.3821 103.4521 59.7356 141.1099 44.2761 73.6306
106.5356 136.5179 132.1116 0.0000 95.9745 106.7504 112.3622 110.1132 55.6971 122.4796 81.1315 82.5621 142.8005
146.9064 101.0926 88.9770 95.9745 0.0000 4.7489 115.8183 95.2537 118.1627 102.7159 109.7214 110.7984 98.0529
97.8855 108.2336 98.8513 106.7504 4.7489 0.0000 92.1084 106.1470 90.5276 83.5670 101.4202 97.3866 80.0232
103.1141 94.8396 126.0518 112.3622 115.8183 92.1084 0.0000 126.9268 100.5344 102.6838 108.2485 74.2828 100.3234
100.1006 102.4883 81.3821 110.1132 95.2537 106.1470 126.9268 0.0000 110.8248 118.7850 81.5263 145.3800 101.6435
100.2134 117.6235 103.4521 55.6971 118.1627 90.5276 100.5344 110.8248 0.0000 103.0515 104.8347 64.4562 66.4347
101.1079 101.5897 59.7356 122.4796 102.7159 83.5670 102.6838 118.7850 103.0515 0.0000 70.8262 94.5717 75.5611
93.0070 91.5640 141.1099 81.1315 109.7214 101.4202 108.2485 81.5263 104.8347 70.8262 0.0000 128.3053 102.8581
91.7735 97.0431 44.2761 82.5621 110.7984 97.3866 74.2828 145.3800 64.4562 94.5717 128.3053 0.0000 107.4965
93.6189 119.4980 73.6306 142.8005 98.0529 80.0232 100.3234 101.6435 66.4347 75.5611 102.8581 107.4965 0.0000
