13
0.0000 129.5980 216.1157 129.9752 174.8477 305.3443 184.3768 243.2770 69.1422 62.3366 67.6232 11.3764 206.4582
129.5980 0.0000 147.5219 113.2088 139.4357 122.6706 231.8294 90.5368 22.9640 15.9447 126.2333 275.9758 17.5398
216.1157 147.5219 0.0000 205.3394 287.5769 175.2059 162.7786 181.6807 28.8797 61.2204 250.8180 15.5178 88.6018
129.9752 113.2088 205.3394 0.0000 128.6970 132.3091 113.8064 68.7818 143.0749 111.2226 100.9784 96.3511 245.2439
174.8477 139.4357 287.5769 128.6970 0.0000 57.2682 139.3702 74.1406 68.9625 21.2071 114.8604 131.0178 146.3212
305.3443 122.6706 175.2059 132.3091 57.2682 0.0000 73.2812 227.4943 102.2117 10.5520 72.5228 21.5823 91.6131
184.3768 231.8294 162.7786 113.8064 139.3702 73.2812 0.0000 74.6597 97.2735 45.2162 104.9896 149.9125 31.2032
243.2770 90.5368 181.6807 68.7818 74.1406 227.4943 74.6597 0.0000 47.9637 287.2321 121.9914 131.0348 72.6607
69.1422 22.9640 28.8797 143.0749 68.9625 102.2117 97.2735 47.9637 0.0000 237.8841 78.4404 309.2660 96.8417
62.3366 15.9447 61.2204 111.2226 21.2071 10.5520 45.2162 287.2321 237.8841 0.0000 125.3260 24.5247 17.1611
67.6232 126.2333 250.8180 100.9784 114.8604 72.5228 104.9896 121.9914 78.4404 125.3260 0.0000 75.8862 191.3708
11.3764 275.9758 15.5178 96.3511 131.0178 21.5823 149.9125 131.0348 309.2660 24.5247 75.8862 0.0000 90.6982
206.4582 17.5398 88.6018 245.2439 146.3212 91.6131 31.2032 72.6607 96.8417 17.1611 191.3708 90.6982 0.0000
