14
0.0000 81.0431 83.9827 96.8168 117.7640 126.8669 94.1026 125.3415 101.0342 103.3755 63.2414 103.2291 115.0359 123.1563
81.0431 0.0000 67.1248 75.6502 79.9982 98.5855 122.4728 110.6007 101.1339 94.4391 97.3082 98.0865 126.3172 108.1967
83.9827 67.1248 0.0000 112.8594 116.5853 99.3749 79.5777 122.5323 87.1807 91.9038 113.2775 99.8236 67.9973 65.5250
96.8168 75.6502 112.8594 0.0000 129.7986 76.5589 70.1139 97.5311 88.4621 100.9492 110.1538 92.2737 83.1756 123.6125
117.7640 79.9982 116.5853 129.7986 0.0000 101.6945 101.2388 53.0934 63.4446 108.3408 113.9012 84.7686 75.1278 94.8063
126.8669 98.5855 99.3749 76.5589 101.6945 0.0000 79.9905 74.8988 110.2559 118.9542 88.8643 101.3965 86.9963 74.0660
94.1026 122.4728 79.5777 70.1139 101.2388 79.9905 0.0000 55.1333 96.3811 110.9164 95.6885 132.5902 94.5878 59.7363
125.3415 110.6007 122.5323 97.5311 53.0934 74.8988 55.1333 0.0000 110.2400 92.5709 81.4708 116.1473 126.2490 79.0970
101.0342 101.1339 87.1807 88.4621 63.4446 110.2559 96.3811 110.2400 0.0000 101.1398 97.7382 141.3486 88.6856 122.6264
103.3755 94.4391 91.9038 100.9492 108.3408 118.9542 110.9164 92.5709 101.1398 0.0000 109.1960 126.8406 113.1829 111.0445
63.2414 97.3082 113.2775 110.1538 113.9012 88.8643 95.6885 81.4708 97.7382 109.1960 0.0000 88.6671 117.1036 124.5716
103.2291 98.0865 99.8236 92.2737 84.7686 101.3965 132.5902 116.1473 141.3486 126.8406 88.6671 0.0000 110.5638 112.8385
115.0359 126.3172 67.9973 83.1756 75.1278 86.9963 94.5878 126.2490 88.6856 113.1829 117.1036 110.5638 0.0000 90.9831
123.1563 108.1967 65.5250 123.6125 94.8063 74.0660 59.7363 79.0970 122.6264 111.0445 124.5716 112.8385 90.9831 0.0000
