14
0.0000 102.8467 135.9400 126.9562 121.9595 72.2002 118.4070 111.5904 96.3244 110.1915 79.3428 147.7991 92.9658 76.2054
102.8467 0.0000 91.5578 131.7285 102.3640 117.8029 95.2414 70.2686 95.0529 79.9534 112.7669 80.6776 102.6916 89.9852
135.9400 91.5578 0.0000 71.1822 134.3224 106.5025 80.2733 95.5129 90.9343 101.2774 94.9385 106.5363 111.7929 82.1154
126.9562 131.7285 71.1822 0.0000 89.2822 111.5293 112.1499 88.3957 116.2320 91.1772 72.9189 116.9607 80.1812 122.0447
121.9595 102.3640 134.3224 89.2822 0.0000 87.9100 96.3716 81.4886 99.5212 96.5756 83.6410 114.9690 118.9726 82.4183
72.2002 117.8029 106.5025 111.5293 87.9100 0.0000 92.6321 73.7047 102.4421 88.5430 99.6934 120.8992 100.4863 125.3972
118.4070 95.2414 80.2733 112.1499 96.3716 92.6321 0.0000 96.6381 94.5416 95.2101 67.2682 96.9714 106.6053 77.9420
111.5904 70.2686 95.5129 88.3957 81.4886 73.7047 96.6381 0.0000 77.4652 100.3282 98.4904 90.9144 120.2655 104.1628
96.3244 95.0529 90.9343 116.2320 99.5212 102.4421 94.5416 77.4652 0.0000 127.3519 111.2388 85.1290 101.1631 63.3590
110.1915 79.9534 101.2774 91.1772 96.5756 88.5430 95.2101 100.3282 127.3519 0.0000 56.3493 106.1308 121.5381 56.5371
79.3428 112.7669 94.9385 72.9189 83.6410 99.6934 67.2682 98.4904 111.2388 56.3493 0.0000 55.0987 98.0722 114.7972
147.7991 80.6776 106.5363 116.9607 114.9690 120.8992 96.9714 90.9144 85.1290 106.1308 55.0987 0.0000 114.3637 102.2457
92.9658 102.6916 111.7929 80.1812 118.9726 100.4863 106.6053 120.2655 101.1631 121.5381 98.0722 114.3637 0.0000 130.2917
76.2054 89.9852 82.1154 122.0447 82.4183 125.3972 77.9420 104.1628 63.3590 56.5371 114.7972 102.2457 130.2917 0.0000
