14
0.0000 131.2642 56.4237 100.5519 84.0607 133.6233 203.8002 71.9158 20.1655 100.9131 143.4673 44.8771 110.1382 126.6492
131.2642 0.0000 125.0670 53.4435 193.1549 191.2057 183.6352 70.3035 159.3135 34.7021 59.2897 24.0475 302.7040 192.1554
56.4237 125.0670 0.0000 95.4297 174.8566 55.0993 192.9800 131.1401 142.0741 102.8744 132.3625 149.1409 381.4935 211.0846
100.5519 53.4435 95.4297 0.0000 149.3907 42.0411 129.6090 155.6620 174.1945 47.3949 131.4409 64.0113 27.4612 121.7103
84.0607 193.1549 174.8566 149.3907 0.0000 16.7917 259.2133 170.5727 119.2630 292.7290 129.7330 123.7977 150.3412 201.6577
133.6233 191.2057 55.0993 42.0411 16.7917 0.0000 243.4766 39.8411 130.4236 67.2495 121.7315 38.9385 151.7205 138.9722
203.8002 183.6352 192.9800 129.6090 259.2133 243.4766 0.0000 273.7668 21.7311 75.0797 143.3345 90.4533 234.5902 141.6047
71.9158 70.3035 131.1401 155.6620 170.5727 39.8411 273.7668 0.0000 247.9623 99.2674 82.5275 184.1846 3.7584 235.0422
20.1655 159.3135 142.0741 174.1945 119.2630 130.4236 21.7311 247.9623 0.0000 25.8350 67.9593 145.3544 175.2575 58.8687
100.9131 34.7021 102.8744 47.3949 292.7290 67.2495 75.0797 99.2674 25.8350 0.0000 177.2114 124.0732 142.6922 35.6419
143.4673 59.2897 132.3625 131.4409 129.7330 121.7315 143.3345 82.5275 67.9593 177.2114 0.0000 163.9525 58.1766 151.3512
44.8771 24.0475 149.1409 64.0113 123.7977 38.9385 90.4533 184.1846 145.3544 124.0732 163.9525 0.0000 46.9439 142.9883
110.1382 302.7040 381.4935 27.4612 150.3412 151.7205 234.5902 3.7584 175.2575 142.6922 58.1766 46.9439 0.0000 413.7935
126.6492 192.1554 211.0846 121.7103 201.6577 138.9722 141.6047 235.0422 58.8687 35.6419 151.3512 142.9883 413.7935 0.0000
