14
0.0000 184.9394 147.8153 119.3729 104.8886 112.4563 75.9469 83.6194 158.2002 109.3853 37.5061 82.0776 62.1544 115.4317
184.9394 0.0000 79.4115 52.7447 124.6789 158.1268 114.1390 126.3985 116.9165 148.0062 151.2477 48.4661 64.0289 112.0177
147.8153 79.4115 0.0000 106.6940 161.8056 131.2189 65.4321 91.6837 96.4767 109.3436 89.2660 113.2143 66.7253 44.9452
119.3729 52.7447 106.6940 0.0000 113.3857 153.9453 181.0504 33.4549 89.0193 39.7545 138.8222 136.4680 1.6355 20.1751
104.8886 124.6789 161.8056 113.3857 0.0000 110.9260 53.9506 133.9718 213.9905 194.1714 129.5612 49.4496 27.9773 140.7266
112.4563 158.1268 131.2189 153.9453 110.9260 0.0000 106.7038 101.9132 107.4014 117.1513 82.0918 73.9732 246.3744 70.7779
75.9469 114.1390 65.4321 181.0504 53.9506 106.7038 0.0000 107.7011 56.5143 46.3295 102.9750 104.8671 62.1942 97.2489
83.6194 126.3985 91.6837 33.4549 133.9718 101.9132 107.7011 0.0000 65.1675 111.9970 100.6606 114.6944 37.2837 128.6817
158.2002 116.9165 96.4767 89.0193 213.9905 107.4014 56.5143 65.1675 0.0000 133.7569 90.1954 139.3803 89.2036 124.5474
109.3853 148.0062 109.3436 39.7545 194.1714 117.1513 46.3295 111.9970 133.7569 0.0000 213.4209 70.0368 92.2706 77.5300
37.5061 151.2477 89.2660 138.8222 129.5612 82.0918 102.9750 100.6606 90.1954 213.4209 0.0000 172.9173 154.0723 31.1884
82.0776 48.4661 113.2143 136.4680 49.4496 73.9732 104.8671 114.6944 139.3803 70.0368 172.9173 0.0000 26.3342 101.3878
62.1544 64.0289 66.7253 1.6355 27.9773 246.3744 62.1942 37.2837 89.2036 92.2706 154.0723 26.3342 0.0000 62.7596
115.4317 112.0177 44.9452 20.1751 140.7266 70.7779 97.2489 128.6817 124.5474 77.5300 31.1884 101.3878 62.7596 0.0000
