14
0.0000 161.3672 1.6999 82.0382 312.2674 94.7005 265.8511 151.4379 259.2336 68.3297 102.5376 70.1777 194.8577 51.9762
161.3672 0.0000 23.5158 165.6123 58.1196 245.5272 313.0911 193.5728 98.6765 134.1248 158.3277 45.7264 51.2762 95.4611
1.6999 23.5158 0.0000 60.6726 160.4313 343.2694 91.7676 167.4306 126.1660 224.9742 65.8251 100.7122 207.5723 133.6987
82.0382 165.6123 60.6726 0.0000 197.9857 47.1592 21.3819 115.0523 240.2781 76.4456 34.4652 39.4973 107.8899 229.8491
312.2674 58.1196 160.4313 197.9857 0.0000 190.4124 124.5701 151.3030 132.6754 59.0318 72.5573 62.8161 233.7829 101.9346
94.7005 245.5272 343.2694 47.1592 190.4124 0.0000 344.3371 264.1747 57.8475 74.1590 57.1360 140.1578 64.3835 11.5057
265.8511 313.0911 91.7676 21.3819 124.5701 344.3371 0.0000 157.1796 128.4323 64.8879 24.3577 238.4772 119.3674 62.9822
151.4379 193.5728 167.4306 115.0523 151.3030 264.1747 157.1796 0.0000 99.9305 129.1921 82.1300 87.5069 46.9520 221.0330
259.2336 98.6765 126.1660 240.2781 132.6754 57.8475 128.4323 99.9305 0.0000 208.9620 49.1516 76.7755 194.1344 305.6888
68.3297 134.1248 224.9742 76.4456 59.0318 74.1590 64.8879 129.1921 208.9620 0.0000 53.1077 413.7325 431.9403 46.4014
102.5376 158.3277 65.8251 34.4652 72.5573 57.1360 24.3577 82.1300 49.1516 53.1077 0.0000 48.9401 143.4165 95.0917
70.1777 45.7264 100.7122 39.4973 62.8161 140.1578 238.4772 87.5069 76.7755 413.7325 48.9401 0.0000 139.3583 86.8500
194.8577 51.2762 207.5723 107.8899 233.7829 64.3835 119.3674 46.9520 194.1344 431.9403 143.4165 139.3583 0.0000 108.4690
51.9762 95.4611 133.6987 229.8491 101.9346 11.5057 62.9822 221.0330 305.6888 46.4014 95.0917 86.8500 108.4690 0.0000
