14
0.0000 145.4357 155.8546 91.4153 129.3514 103.4604 63.0836 125.6032 160.7969 65.7058 136.2821 134.6756 49.1954 106.9292
145.4357 0.0000 107.5312 122.5436 122.8982 93.7838 53.8023 64.6236 160.6513 139.8029 0.7945 166.9640 200.6470 115.6929
155.8546 107.5312 0.0000 125.0092 104.2503 121.6918 63.9301 142.0625 182.6380 42.3582 108.3995 11.8218 159.7675 72.6119
91.4153 122.5436 125.0092 0.0000 61.1688 91.2292 46.8183 9.6399 77.4621 49.6563 36.3154 142.6992 96.5708 67.7987
129.3514 122.8982 104.2503 61.1688 0.0000 127.6610 144.0004 157.8424 117.8019 97.2677 51.3320 112.8505 120.9271 120.8393
103.4604 93.7838 121.6918 91.2292 127.6610 0.0000 89.6995 146.9682 59.2774 91.1853 140.4009 96.1645 144.7404 99.6732
63.0836 53.8023 63.9301 46.8183 144.0004 89.6995 0.0000 192.8444 142.4628 84.8071 203.7370 60.5117 95.2734 129.9278
125.6032 64.6236 142.0625 9.6399 157.8424 146.9682 192.8444 0.0000 131.9428 111.3553 64.9222 188.2979 114.5243 116.1862
160.7969 160.6513 182.6380 77.4621 117.8019 59.2774 142.4628 131.9428 0.0000 57.7171 116.9267 173.9652 96.4036 179.7295
65.7058 139.8029 42.3582 49.6563 97.2677 91.1853 84.8071 111.3553 57.7171 0.0000 142.4468 97.9913 198.7305 89.4065
136.2821 0.7945 108.3995 36.3154 51.3320 140.4009 203.7370 64.9222 116.9267 142.4468 0.0000 59.4521 32.9179 133.8919
134.6756 166.9640 11.8218 142.6992 112.8505 96.1645 60.5117 188.2979 173.9652 97.9913 59.4521 0.0000 149.6345 57.5477
49.1954 200.6470 159.7675 96.5708 120.9271 144.7404 95.2734 114.5243 96.4036 198.7305 32.9179 149.6345 0.0000 117.5359
106.9292 115.6929 72.6119 67.7987 120.8393 99.6732 129.9278 116.1862 179.7295 89.4065 133.8919 57.5477 117.5359 0.0000
