14
0.0000 12.3953 62.1997 103.7371 74.7032 68.7578 29.8835 99.0503 65.5291 81.3037 132.3036 105.0575 167.4657 86.7139
12.3953 0.0000 38.2621 60.8803 116.7775 158.1231 99.8956 95.5758 104.6440 165.2764 121.8330 173.5434 83.5337 127.2309
62.1997 38.2621 0.0000 171.7790 75.7199 55.6766 68.2475 90.3973 62.3535 178.4294 62.7937 72.2761 195.1401 97.3472
103.7371 60.8803 171.7790 0.0000 87.2870 13.3551 196.4961 184.6354 101.0757 30.8264 125.2578 79.1834 43.7274 163.8180
74.7032 116.7775 75.7199 87.2870 0.0000 81.3187 138.3773 95.2815 204.6331 42.1147 109.6852 12.3067 150.6057 103.4677
68.7578 158.1231 55.6766 13.3551 81.3187 0.0000 115.3121 39.5792 135.2081 113.0439 72.4652 169.5311 138.2511 117.0477
29.8835 99.8956 68.2475 196.4961 138.3773 115.3121 0.0000 149.4404 48.8604 135.7376 107.2092 196.9793 78.8774 195.6384
99.0503 95.5758 90.3973 184.6354 95.2815 39.5792 149.4404 0.0000 114.9151 109.0096 109.7898 122.6806 90.6210 91.5072
65.5291 104.6440 62.3535 101.0757 204.6331 135.2081 48.8604 114.9151 0.0000 59.4161 122.8427 83.1655 166.0931 126.4434
81.3037 165.2764 178.4294 30.8264 42.1147 113.0439 135.7376 109.0096 59.4161 0.0000 152.6933 10.1218 38.2417 107.6651
132.3036 121.8330 62.7937 125.2578 109.6852 72.4652 107.2092 109.7898 122.8427 152.6933 0.0000 31.9518 114.9943 109.3833
105.0575 173.5434 72.2761 79.1834 12.3067 169.5311 196.9793 122.6806 83.1655 10.1218 31.9518 0.0000 69.2570 128.4214
167.4657 83.5337 195.1401 43.7274 150.6057 138.2511 78.8774 90.6210 166.0931 38.2417 114.9943 69.2570 0.0000 95.7457
86.7139 127.2309 97.3472 163.8180 103.4677 117.0477 195.6384 91.5072 126.4434 107.6651 109.3833 128.4214 95.7457 0.0000
