14
0.0000 80.6931 125.3217 109.5947 81.3526 118.5715 91.3248 112.3320 96.4747 107.0677 104.2699 99.5503 128.9341 107.5470
80.6931 0.0000 94.6725 91.4813 110.7029 109.3175 103.9428 96.5461 98.7450 130.1211 109.9400 103.4005 104.7119 90.1836
125.3217 94.6725 0.0000 82.6451 78.3991 80.6544 82.4231 94.3269 111.8004 104.9177 111.9611 92.3138 121.9047 86.2758
109.5947 91.4813 82.6451 0.0000 79.8402 76.0629 45.6123 91.7551 95.6342 119.2120 109.0894 101.1673 104.7311 112.7473
81.3526 110.7029 78.3991 79.8402 0.0000 74.1801 102.8611 87.9216 107.5937 115.6793 102.6464 123.1785 101.9329 73.1334
118.5715 109.3175 80.6544 76.0629 74.1801 0.0000 103.2487 100.2025 90.8805 97.4892 103.3207 77.9984 123.7787 116.9558
91.3248 103.9428 82.4231 45.6123 102.8611 103.2487 0.0000 81.8071 153.9096 109.4457 104.2400 126.4466 88.4682 82.2452
112.3320 96.5461 94.3269 91.7551 87.9216 100.2025 81.8071 0.0000 98.8283 101.4834 112.6097 125.7473 75.5862 73.6232
96.4747 98.7450 111.8004 95.6342 107.5937 90.8805 153.9096 98.8283 0.0000 66.8130 54.8881 94.6466 105.8494 95.6845
107.0677 130.1211 104.9177 119.2120 115.6793 97.4892 109.4457 101.4834 66.8130 0.0000 100.9148 83.9993 114.6657 124.8794
104.2699 109.9400 111.9611 109.0894 102.6464 103.3207 104.2400 112.6097 54.8881 100.9148 0.0000 95.2027 118.3936 96.3389
99.5503 103.4005 92.3138 101.1673 123.1785 77.9984 126.4466 125.7473 94.6466 83.9993 95.2027 0.0000 97.5001 114.3117
128.9341 104.7119 121.9047 104.7311 101.9329 123.7787 88.4682 75.5862 105.8494 114.6657 118.3936 97.5001 0.0000 124.2397
107.5470 90.1836 86.2758 112.7473 73.1334 116.9558 82.2452 73.6232 95.6845 124.8794 96.3389 114.3117 124.2397 0.0000
