15
0.0000 131.6701 105.2417 114.5428 111.4726 97.2723 97.4523 116.2553 88.5869 86.5733 112.6031 82.0903 78.6241 99.6328 134.2754
131.6701 0.0000 123.2510 103.7568 114.2899 105.9181 108.3546 53.2727 66.1095 72.6552 77.6612 128.3146 91.3506 110.3736 94.4279
105.2417 123.2510 0.0000 76.6282 117.4929 89.5624 95.1783 101.9128 84.5548 81.8412 92.3835 102.7075 77.7237 109.5955 90.1809
114.5428 103.7568 76.6282 0.0000 88.7045 94.3324 106.3133 79.1980 133.8340 70.1353 98.7299 79.8736 59.6102 89.5596 124.6576
111.4726 114.2899 117.4929 88.7045 0.0000 105.1912 90.9826 89.1446 113.0501 120.4204 97.1712 73.1631 89.0516 112.5033 81.8162
97.2723 105.9181 89.5624 94.3324 105.1912 0.0000 119.4841 103.7469 129.6598 108.7601 99.1323 128.2732 48.0117 80.4596 92.5638
97.4523 108.3546 95.1783 106.3133 90.9826 119.4841 0.0000 119.2198 131.0055 91.0769 75.6081 95.0963 129.9918 115.7999 109.0020
116.2553 53.2727 101.9128 79.1980 89.1446 103.7469 119.2198 0.0000 49.3427 87.1158 70.3534 126.6720 102.6699 92.6634 76.7773
88.5869 66.1095 84.5548 133.8340 113.0501 129.6598 131.0055 49.3427 0.0000 73.1030 129.1271 86.0228 98.6661 101.9543 121.4024
86.5733 72.6552 81.8412 70.1353 120.4204 108.7601 91.0769 87.1158 73.1030 0.0000 108.3998 126.6054 106.4754 68.6562 99.0993
112.6031 77.6612 92.3835 98.7299 97.1712 99.1323 75.6081 70.3534 129.1271 108.3998 0.0000 76.0073 120.0429 99.1319 68.9277
82.0903 128.3146 102.7075 79.8736 73.1631 128.2732 95.0963 126.6720 86.0228 126.6054 76.0073 0.0000 149.5785 97.6531 101.2365
78.6241 91.3506 77.7237 59.6102 89.0516 48.0117 129.9918 102.6699 98.6661 106.4754 120.0429 149.5785 0.0000 88.4195 132.2565
99.6328 110.3736 109.5955 89.5596 112.5033 80.4596 115.7999 92.6634 101.9543 68.6562 99.1319 97.6531 88.4195 0.0000 132.4451
134.2754 94.4279 90.1809 124.6576 81.8162 92.5638 109.0020 76.7773 121.4024 99.0993 68.9277 101.2365 132.2565 132.4451 0.0000
