15
0.0000 81.4945 85.7193 239.3374 106.9759 236.0908 21.1816 57.5113 134.0120 85.8183 153.2905 198.0058 122.0038 170.0452 96.4416
81.4945 0.0000 322.4827 76.1869 231.5208 48.9992 258.4895 24.1879 128.3554 70.3935 179.1105 177.8048 92.9272 248.0102 147.2646
85.7193 322.4827 0.0000 118.8414 119.0138 216.7485 420.9396 329.7870 176.2672 230.3501 33.7841 8.4424 196.0383 66.4093 86.4445
239.3374 76.1869 118.8414 0.0000 300.3960 88.0235 144.8260 29.8541 152.6154 157.3853 172.1744 164.1590 60.8123 40.6981 190.4691
106.9759 231.5208 119.0138 300.3960 0.0000 45.6074 57.4782 223.8611 123.9061 219.1508 73.3833 147.2627 201.5381 135.9233 68.7482
236.0908 48.9992 216.7485 88.0235 45.6074 0.0000 92.4979 67.1655 60.7827 42.5275 187.3944 343.1725 136.5996 115.9656 28.1774
21.1816 258.4895 420.9396 144.8260 57.4782 92.4979 0.0000 112.0271 159.0217 227.5180 12.9295 104.2202 262.2144 278.6356 127.6401
57.5113 24.1879 329.7870 29.8541 223.8611 67.1655 112.0271 0.0000 71.3781 101.6478 133.1991 192.9503 127.8428 145.3749 9.3982
134.0120 128.3554 176.2672 152.6154 123.9061 60.7827 159.0217 71.3781 0.0000 155.1917 142.0309 42.3053 26.6253 190.9912 349.3545
85.8183 70.3935 230.3501 157.3853 219.1508 42.5275 227.5180 101.6478 155.1917 0.0000 175.0382 53.0305 399.3278 90.2740 275.3018
153.2905 179.1105 33.7841 172.1744 73.3833 187.3944 12.9295 133.1991 142.0309 175.0382 0.0000 0.8875 234.5226 277.0938 146.3413
198.0058 177.8048 8.4424 164.1590 147.2627 343.1725 104.2202 192.9503 42.3053 53.0305 0.8875 0.0000 32.7947 36.9945 15.6007
122.0038 92.9272 196.0383 60.8123 201.5381 136.5996 262.2144 127.8428 26.6253 399.3278 234.5226 32.7947 0.0000 239.8068 129.7914
170.0452 248.0102 66.4093 40.6981 135.9233 115.9656 278.6356 145.3749 190.9912 90.2740 277.0938 36.9945 239.8068 0.0000 105.8584
96.4416 147.2646 86.4445 190.4691 68.7482 28.1774 127.6401 9.3982 349.3545 275.3018 146.3413 15.6007 129.7914 105.8584 0.0000
