15
0.0000 128.2487 86.4989 24.9531 40.5528 97.7880 41.4691 141.7693 107.0645 83.1362 103.4978 143.8561 123.7150 96.6075 52.7639
128.2487 0.0000 27.5809 216.2932 112.6062 77.0970 123.9791 111.8491 88.5033 176.7999 110.1605 74.9343 74.1794 149.2420 42.6713
86.4989 27.5809 0.0000 195.1114 73.3892 105.0706 32.0017 95.2734 137.3533 198.9824 144.0770 49.2262 153.0231 35.1923 68.6669
24.9531 216.2932 195.1114 0.0000 67.3013 154.5042 183.0710 102.0856 72.6753 38.1298 98.3794 62.4782 36.5971 109.5831 159.3643
40.5528 112.6062 73.3892 67.3013 0.0000 19.1898 127.5168 80.9196 141.4274 39.9551 55.7834 201.0616 76.3280 67.2382 92.7136
97.7880 77.0970 105.0706 154.5042 19.1898 0.0000 96.7511 147.1667 167.0755 148.9620 61.7906 19.6829 168.0782 156.6106 91.6499
41.4691 123.9791 32.0017 183.0710 127.5168 96.7511 0.0000 14.7980 147.2391 158.4435 183.5866 57.0297 144.4354 73.6758 69.4144
141.7693 111.8491 95.2734 102.0856 80.9196 147.1667 14.7980 0.0000 130.6292 40.7403 38.9564 117.8855 163.3483 66.4866 73.5636
107.0645 88.5033 137.3533 72.6753 141.4274 167.0755 147.2391 130.6292 0.0000 117.5448 61.6696 83.3476 150.0287 118.0839 95.8709
83.1362 176.7999 198.9824 38.1298 39.9551 148.9620 158.4435 40.7403 117.5448 0.0000 101.8611 110.4949 98.5668 56.4040 74.4481
103.4978 110.1605 144.0770 98.3794 55.7834 61.7906 183.5866 38.9564 61.6696 101.8611 0.0000 46.4562 133.2183 92.3335 100.2208
143.8561 74.9343 49.2262 62.4782 201.0616 19.6829 57.0297 117.8855 83.3476 110.4949 46.4562 0.0000 35.3389 93.0999 103.7693
123.7150 74.1794 153.0231 36.5971 76.3280 168.0782 144.4354 163.3483 150.0287 98.5668 133.2183 35.3389 0.0000 112.5930 72.6053
96.6075 149.2420 35.1923 109.5831 67.2382 156.6106 73.6758 66.4866 118.0839 56.4040 92.3335 93.0999 112.5930 0.0000 134.1014
52.7639 42.6713 68.6669 159.3643 92.7136 91.6499 69.4144 73.5636 95.8709 74.4481 100.2208 103.7693 72.6053 134.1014 0.0000
