15
0.0000 172.0085 62.5704 122.3605 216.5678 121.2061 148.7255 26.1040 143.7345 114.3386 132.7977 208.2540 213.9641 231.5305 114.2955
172.0085 0.0000 185.3847 47.3923 110.4267 301.8561 135.1296 214.3896 125.8173 160.3064 145.2112 203.2348 132.6554 196.0268 32.1697
62.5704 185.3847 0.0000 139.5241 357.2453 7.4802 121.5277 289.3405 221.8321 168.9566 187.4168 162.0157 175.1522 32.9666 233.4566
122.3605 47.3923 139.5241 0.0000 83.2086 247.7165 149.6860 119.4735 16.6549 294.2702 1.0665 214.8882 16.1983 148.1550 186.7234
216.5678 110.4267 357.2453 83.2086 0.0000 78.7295 26.0383 95.3333 50.3897 94.3702 153.6270 128.6680 75.0415 175.5226 106.4979
121.2061 301.8561 7.4802 247.7165 78.7295 0.0000 106.7541 40.3327 102.9759 86.7795 55.1498 14.5904 82.9226 3.2098 176.2063
148.7255 135.1296 121.5277 149.6860 26.0383 106.7541 0.0000 260.9679 209.1812 11.8148 205.0184 282.8456 119.2809 175.2099 174.0438
26.1040 214.3896 289.3405 119.4735 95.3333 40.3327 260.9679 0.0000 28.1968 72.9668 187.1566 103.0495 46.3800 77.1098 111.3962
143.7345 125.8173 221.8321 16.6549 50.3897 102.9759 209.1812 28.1968 0.0000 185.0448 29.0005 32.0254 99.4045 138.3226 40.2519
114.3386 160.3064 168.9566 294.2702 94.3702 86.7795 11.8148 72.9668 185.0448 0.0000 129.0478 133.9750 82.9595 220.8543 111.4418
132.7977 145.2112 187.4168 1.0665 153.6270 55.1498 205.0184 187.1566 29.0005 129.0478 0.0000 159.0427 193.2579 208.9986 128.0927
208.2540 203.2348 162.0157 214.8882 128.6680 14.5904 282.8456 103.0495 32.0254 133.9750 159.0427 0.0000 45.4419 101.3132 206.8987
213.9641 132.6554 175.1522 16.1983 75.0415 82.9226 119.2809 46.3800 99.4045 82.9595 193.2579 45.4419 0.0000 119.6970 140.3833
231.5305 196.0268 32.9666 148.1550 175.5226 3.2098 175.2099 77.1098 138.3226 220.8543 208.9986 101.3132 119.6970 0.0000 77.2747
114.2955 32.1697 233.4566 186.7234 106.4979 176.2063 174.0438 111.3962 40.2519 111.4418 128.0927 206.8987 140.3833 77.2747 0.0000
