15
0.0000 139.7647 78.0664 39.8152 112.9289 88.2303 78.9244 140.3519 16.1487 95.2671 73.3084 150.7447 92.9669 95.8678 145.1155
139.7647 0.0000 94.8428 84.2085 54.9718 173.7665 48.6000 69.7428 79.8492 63.0578 184.1731 37.9940 154.7458 172.0634 128.6489
78.0664 94.8428 0.0000 129.9918 170.9923 127.7157 71.1243 147.2600 163.2248 151.2104 88.9608 123.7840 93.6625 66.6179 149.9454
39.8152 84.2085 129.9918 0.0000 97.3735 77.0391 70.8484 144.3225 109.6572 60.9778 88.4244 132.6506 138.5460 49.0558 0.1426
112.9289 54.9718 170.9923 97.3735 0.0000 139.3050 80.7748 74.7400 70.8653 58.1303 38.4672 23.3285 43.4120 46.9974 57.8577
88.2303 173.7665 127.7157 77.0391 139.3050 0.0000 67.9183 85.6735 130.5493 116.4592 133.3353 100.5546 78.2507 114.6513 77.6607
78.9244 48.6000 71.1243 70.8484 80.7748 67.9183 0.0000 181.1967 86.2289 152.8649 50.8896 86.5836 114.3185 179.4934 163.6602
140.3519 69.7428 147.2600 144.3225 74.7400 85.6735 181.1967 0.0000 102.4236 116.7139 25.9579 143.7443 116.4545 162.2981 103.9398
16.1487 79.8492 163.2248 109.6572 70.8653 130.5493 86.2289 102.4236 0.0000 112.7830 129.2257 104.9129 119.8207 152.6345 160.3909
95.2671 63.0578 151.2104 60.9778 58.1303 116.4592 152.8649 116.7139 112.7830 0.0000 152.4715 130.5541 66.5217 13.9109 129.4634
73.3084 184.1731 88.9608 88.4244 38.4672 133.3353 50.8896 25.9579 129.2257 152.4715 0.0000 79.1155 129.2830 52.7176 115.6605
150.7447 37.9940 123.7840 132.6506 23.3285 100.5546 86.5836 143.7443 104.9129 130.5541 79.1155 0.0000 98.2211 70.4828 112.7097
92.9669 154.7458 93.6625 138.5460 43.4120 78.2507 114.3185 116.4545 119.8207 66.5217 129.2830 98.2211 0.0000 139.0344 150.1796
95.8678 172.0634 66.6179 49.0558 46.9974 114.6513 179.4934 162.2981 152.6345 13.9109 52.7176 70.4828 139.0344 0.0000 82.7771
145.1155 128.6489 149.9454 0.1426 57.8577 77.6607 163.6602 103.9398 160.3909 129.4634 115.6605 112.7097 150.1796 82.7771 0.0000
