15
0.0000 100.9126 124.2925 71.1889 132.7828 86.0919 116.1545 133.7038 93.2069 83.5376 115.8944 85.7750 108.4828 76.3881 96.7794
100.9126 0.0000 102.8709 85.1494 106.4401 110.3437 146.4512 107.6855 68.3242 85.7206 106.8342 131.5278 137.8576 120.4410 113.7817
124.2925 102.8709 0.0000 88.2960 89.7729 96.9485 95.5645 88.7397 105.6126 109.8079 122.1639 81.1086 113.3325 91.1564 142.4373
71.1889 85.1494 88.2960 0.0000 76.5228 93.6999 124.6981 97.7889 108.8506 70.5724 99.3022 110.8255 97.6168 102.7409 93.9432
132.7828 106.4401 89.7729 76.5228 0.0000 72.7871 92.4804 100.3116 154.8234 96.9439 118.2954 71.9366 106.2831 42.3787 108.5582
86.0919 110.3437 96.9485 93.6999 72.7871 0.0000 101.7646 91.3044 138.8660 121.0683 89.8479 108.2665 100.0935 96.7677 92.9763
116.1545 146.4512 95.5645 124.6981 92.4804 101.7646 0.0000 104.7168 109.5679 81.5381 86.9096 100.5699 103.5583 92.2637 84.4315
133.7038 107.6855 88.7397 97.7889 100.3116 91.3044 104.7168 0.0000 109.6249 90.3045 94.4344 101.4733 85.9643 80.2123 112.6094
93.2069 68.3242 105.6126 108.8506 154.8234 138.8660 109.5679 109.6249 0.0000 107.9525 121.0572 86.1069 91.4907 63.0880 84.1337
83.5376 85.7206 109.8079 70.5724 96.9439 121.0683 81.5381 90.3045 107.9525 0.0000 121.6227 98.3771 141.5426 92.3055 74.3827
115.8944 106.8342 122.1639 99.3022 118.2954 89.8479 86.9096 94.4344 121.0572 121.6227 0.0000 100.7014 109.5322 73.3902 120.5972
85.7750 131.5278 81.1086 110.8255 71.9366 108.2665 100.5699 101.4733 86.1069 98.3771 100.7014 0.0000 110.3501 87.2750 105.0784
108.4828 137.8576 113.3325 97.6168 106.2831 100.0935 103.5583 85.9643 91.4907 141.5426 109.5322 110.3501 0.0000 95.1749 108.7578
76.3881 120.4410 91.1564 102.7409 42.3787 96.7677 92.2637 80.2123 63.0880 92.3055 73.3902 87.2750 95.1749 0.0000 101.0062
96.7794 113.7817 142.4373 93.9432 108.5582 92.9763 84.4315 112.6094 84.1337 74.3827 120.5972 105.0784 108.7578 101.0062 0.0000
