15
0.0000 215.3070 178.4420 69.4620 1.2649 101.8921 88.2416 0.7948 132.7587 73.8281 6.2788 179.6773 186.4316 94.4638 170.8947
215.3070 0.0000 72.1499 159.5648 167.7366 14.8480 31.9918 9.2473 106.5165 352.0505 95.0223 106.0620 180.2419 49.4041 131.1278
178.4420 72.1499 0.0000 297.6199 46.3601 270.5225 309.8535 219.6467 34.2579 167.6468 16.2098 70.1784 73.0127 257.9516 141.5552
69.4620 159.5648 297.6199 0.0000 202.3396 69.4707 46.9490 187.3452 167.8784 97.7056 84.3935 153.6530 77.1209 165.1304 53.1543
1.2649 167.7366 46.3601 202.3396 0.0000 68.5821 110.9312 83.6457 106.8968 117.8895 95.7574 208.1186 56.4439 61.8552 167.3905
101.8921 14.8480 270.5225 69.4707 68.5821 0.0000 147.5744 124.1665 37.3303 60.6825 186.7762 155.5573 76.7936 87.0466 124.5105
88.2416 31.9918 309.8535 46.9490 110.9312 147.5744 0.0000 41.8987 66.4159 14.0530 85.0218 278.8953 184.8625 155.0163 192.4831
0.7948 9.2473 219.6467 187.3452 83.6457 124.1665 41.8987 0.0000 4.2448 165.7573 88.8117 241.3548 57.7909 71.6524 96.3112
132.7587 106.5165 34.2579 167.8784 106.8968 37.3303 66.4159 4.2448 0.0000 78.9029 10.8701 152.4472 178.0345 201.2514 215.6746
73.8281 352.0505 167.6468 97.7056 117.8895 60.6825 14.0530 165.7573 78.9029 0.0000 4.6056 125.6679 137.6297 171.8301 91.0973
6.2788 95.0223 16.2098 84.3935 95.7574 186.7762 85.0218 88.8117 10.8701 4.6056 0.0000 334.1713 67.5676 136.2794 36.3033
179.6773 106.0620 70.1784 153.6530 208.1186 155.5573 278.8953 241.3548 152.4472 125.6679 334.1713 0.0000 66.9650 134.5518 12.9842
186.4316 180.2419 73.0127 77.1209 56.4439 76.7936 184.8625 57.7909 178.0345 137.6297 67.5676 66.9650 0.0000 144.2675 11.8992
94.4638 49.4041 257.9516 165.1304 61.8552 87.0466 155.0163 71.6524 201.2514 171.8301 136.2794 134.5518 144.2675 0.0000 143.4218
170.8947 131.1278 141.5552 53.1543 167.3905 124.5105 192.4831 96.3112 215.6746 91.0973 36.3033 12.9842 11.8992 143.4218 0.0000
