15
0.0000 48.0845 91.7935 135.9568 98.1382 92.0943 104.6906 137.2179 91.3208 63.3753 110.3675 85.3373 87.5385 117.3064 122.7918
48.0845 0.0000 144.2992 120.5160 104.2285 80.9676 88.3570 83.2702 110.9856 87.4378 88.0751 108.0349 102.3688 85.6612 96.6699
91.7935 144.2992 0.0000 84.9362 114.7227 119.7969 144.7516 55.5625 99.6388 80.6543 100.7811 106.7484 84.7762 144.6647 80.5814
135.9568 120.5160 84.9362 0.0000 78.7281 75.5477 127.3317 94.8439 95.8508 109.8082 94.9657 111.2653 117.9512 96.9219 100.9587
98.1382 104.2285 114.7227 78.7281 0.0000 135.0919 118.2944 56.1018 111.6954 122.0858 79.2482 98.5795 126.1415 109.8461 107.6108
92.0943 80.9676 119.7969 75.5477 135.0919 0.0000 107.7748 72.0588 94.5989 114.4715 95.0039 60.0285 135.0110 100.1383 123.9030
104.6906 88.3570 144.7516 127.3317 118.2944 107.7748 0.0000 97.2532 100.1283 99.6719 123.8469 99.4362 111.1004 96.0514 116.1761
137.2179 83.2702 55.5625 94.8439 56.1018 72.0588 97.2532 0.0000 128.0963 117.2280 63.3917 137.7690 83.5799 98.7632 89.8885
91.3208 110.9856 99.6388 95.8508 111.6954 94.5989 100.1283 128.0963 0.0000 104.7949 83.7644 96.8524 123.2540 110.6651 132.8673
63.3753 87.4378 80.6543 109.8082 122.0858 114.4715 99.6719 117.2280 104.7949 0.0000 96.2422 117.8049 84.1931 106.2929 83.1483
110.3675 88.0751 100.7811 94.9657 79.2482 95.0039 123.8469 63.3917 83.7644 96.2422 0.0000 99.1762 111.9722 69.0016 96.5109
85.3373 108.0349 106.7484 111.2653 98.5795 60.0285 99.4362 137.7690 96.8524 117.8049 99.1762 0.0000 126.2185 77.5934 80.1615
87.5385 102.3688 84.7762 117.9512 126.1415 135.0110 111.1004 83.5799 123.2540 84.1931 111.9722 126.2185 0.0000 91.1272 120.1846
117.3064 85.6612 144.6647 96.9219 109.8461 100.1383 96.0514 98.7632 110.6651 106.2929 69.0016 77.5934 91.1272 0.0000 124.4843
122.7918 96.6699 80.5814 100.9587 107.6108 123.9030 116.1761 89.8885 132.8673 83.1483 96.5109 80.1615 120.1846 124.4843 0.0000
