15
0.0000 158.9019 96.1613 105.1228 5.4922 61.6157 131.5165 217.8523 161.4423 87.2592 152.2783 151.9419 162.0182 87.1978 127.9470
158.9019 0.0000 103.5797 137.9504 80.3107 160.0954 153.7519 123.9910 151.0939 93.6133 158.1969 137.7049 80.0496 109.0896 94.4480
96.1613 103.5797 0.0000 72.6485 89.0850 85.7276 187.5268 8.9274 68.6534 123.3561 30.7572 25.5689 130.2057 124.7018 118.5224
105.1228 137.9504 72.6485 0.0000 266.0163 98.5164 114.2641 171.1393 32.6655 68.7504 80.6467 100.1472 118.4504 118.2441 218.5071
5.4922 80.3107 89.0850 266.0163 0.0000 62.4276 110.0108 98.4144 155.5674 130.7126 4.5784 49.0890 207.0212 65.0576 70.2857
61.6157 160.0954 85.7276 98.5164 62.4276 0.0000 87.2652 45.7557 98.1723 103.5140 89.1945 95.8341 81.4258 73.6719 88.5135
131.5165 153.7519 187.5268 114.2641 110.0108 87.2652 0.0000 216.5384 79.5098 156.6842 138.0019 86.0074 147.8008 85.9137 76.8015
217.8523 123.9910 8.9274 171.1393 98.4144 45.7557 216.5384 0.0000 164.1200 108.5178 57.2113 170.4649 135.1621 73.3836 90.0750
161.4423 151.0939 68.6534 32.6655 155.5674 98.1723 79.5098 164.1200 0.0000 63.2598 41.5377 84.0959 133.9552 191.8409 162.5320
87.2592 93.6133 123.3561 68.7504 130.7126 103.5140 156.6842 108.5178 63.2598 0.0000 95.9554 124.8328 117.9070 103.0686 56.7558
152.2783 158.1969 30.7572 80.6467 4.5784 89.1945 138.0019 57.2113 41.5377 95.9554 0.0000 93.8693 78.1201 169.5940 129.7678
151.9419 137.7049 25.5689 100.1472 49.0890 95.8341 86.0074 170.4649 84.0959 124.8328 93.8693 0.0000 122.8031 61.8481 38.3758
162.0182 80.0496 130.2057 118.4504 207.0212 81.4258 147.8008 135.1621 133.9552 117.9070 78.1201 122.8031 0.0000 206.5341 41.9443
87.1978 109.0896 124.7018 118.2441 65.0576 73.6719 85.9137 73.3836 191.8409 103.0686 169.5940 61.8481 206.5341 0.0000 140.4660
127.9470 94.4480 118.5224 218.5071 70.2857 88.5135 76.8015 90.0750 162.5320 56.7558 129.7678 38.3758 41.9443 140.4660 0.0000
