16
0.0000 94.9640 100.2829 103.6219 116.7857 83.7219 115.7945 98.3538 102.9410 70.6990 108.5423 108.9981 134.1361 93.7125 96.8454 121.6043
94.9640 0.0000 106.7713 128.3351 85.3815 86.3318 103.5674 74.9724 120.3696 113.2923 101.6594 85.6612 101.6815 110.4677 91.9512 116.9871
100.2829 106.7713 0.0000 108.8184 102.8731 129.9889 104.3221 88.4836 157.6586 114.2006 111.9435 96.2470 88.4084 89.8641 111.5059 134.8176
103.6219 128.3351 108.8184 0.0000 75.3136 104.4689 101.7742 123.8508 67.5195 103.4871 94.2021 106.0873 123.4186 130.3191 137.6119 95.3113
116.7857 85.3815 102.8731 75.3136 0.0000 96.8219 90.8149 96.5485 91.9384 119.4668 128.6204 118.1781 92.8691 94.7983 88.2613 90.3611
83.7219 86.3318 129.9889 104.4689 96.8219 0.0000 152.6887 117.6843 106.1888 108.2547 138.5216 105.2694 79.5018 92.8075 123.3092 133.0712
115.7945 103.5674 104.3221 101.7742 90.8149 152.6887 0.0000 84.7767 100.4071 73.8959 74.6744 121.6157 103.3572 81.4493 105.1831 52.5342
98.3538 74.9724 88.4836 123.8508 96.5485 117.6843 84.7767 0.0000 91.4015 89.4663 125.4838 100.3107 94.4153 131.7455 88.0133 115.7279
102.9410 120.3696 157.6586 67.5195 91.9384 106.1888 100.4071 91.4015 0.0000 86.1465 90.7257 77.8591 52.5207 119.7521 118.8220 62.1717
70.6990 113.2923 114.2006 103.4871 119.4668 108.2547 73.8959 89.4663 86.1465 0.0000 114.5726 116.6046 111.7885 127.9873 103.7064 97.8900
108.5423 101.6594 111.9435 94.2021 128.6204 138.5216 74.6744 125.4838 90.7257 114.5726 0.0000 81.6945 70.3387 92.3753 114.3013 97.4800
108.9981 85.6612 96.2470 106.0873 118.1781 105.2694 121.6157 100.3107 77.8591 116.6046 81.6945 0.0000 114.9092 120.7101 82.2467 111.8933
134.1361 101.6815 88.4084 123.4186 92.8691 79.5018 103.3572 94.4153 52.5207 111.7885 70.3387 114.9092 0.0000 97.7044 121.6011 73.1822
93.7125 110.4677 89.8641 130.3191 94.7983 92.8075 81.4493 131.7455 119.7521 127.9873 92.3753 120.7101 97.7044 0.0000 91.8498 116.5940
96.8454 91.9512 111.5059 137.6119 88.2613 123.3092 105.1831 88.0133 118.8220 103.7064 114.3013 82.2467 121.6011 91.8498 0.0000 99.1440
121.6043 116.9871 134.8176 95.3113 90.3611 133.0712 52.5342 115.7279 62.1717 97.8900 97.4800 111.8933 73.1822 116.5940 99.1440 0.0000
