16
0.0000 74.0473 97.0250 124.2305 106.4491 86.8783 79.7321 81.1489 81.6711 120.9723 62.9694 113.5211 111.0814 114.5582 117.6853 114.8409
74.0473 0.0000 68.8140 92.0539 116.5711 85.8233 101.8736 102.8073 78.3909 137.0635 60.7056 79.9062 104.1071 89.0538 99.1700 107.7450
97.0250 68.8140 0.0000 108.4792 72.6137 73.8812 105.1286 135.7171 59.1582 96.9100 119.5400 102.2278 109.5695 68.8755 94.1578 84.3277
124.2305 92.0539 108.4792 0.0000 82.7844 105.0138 78.2258 85.8354 102.7145 80.9236 113.5411 132.1794 94.8415 76.2025 91.3762 79.7975
106.4491 116.5711 72.6137 82.7844 0.0000 97.6084 98.9126 72.1740 92.7929 92.1584 125.3907 118.1925 95.9677 98.0662 57.1446 160.1864
86.8783 85.8233 73.8812 105.0138 97.6084 0.0000 108.7421 106.4391 113.7428 73.8852 126.8046 94.4456 82.7913 116.4341 130.5201 100.5720
79.7321 101.8736 105.1286 78.2258 98.9126 108.7421 0.0000 114.4404 98.4017 90.0441 100.3804 80.2574 94.2503 81.2286 82.1273 97.2520
81.1489 102.8073 135.7171 85.8354 72.1740 106.4391 114.4404 0.0000 99.1073 129.7270 133.7615 88.2154 96.3249 85.9558 97.7061 112.8444
81.6711 78.3909 59.1582 102.7145 92.7929 113.7428 98.4017 99.1073 0.0000 76.6071 95.0245 105.7422 97.7083 100.3070 105.0896 75.7753
120.9723 137.0635 96.9100 80.9236 92.1584 73.8852 90.0441 129.7270 76.6071 0.0000 102.3475 102.1558 112.9758 72.9294 113.2396 115.9740
62.9694 60.7056 119.5400 113.5411 125.3907 126.8046 100.3804 133.7615 95.0245 102.3475 0.0000 120.1179 69.8951 119.6836 85.7255 103.2461
113.5211 79.9062 102.2278 132.1794 118.1925 94.4456 80.2574 88.2154 105.7422 102.1558 120.1179 0.0000 70.2895 91.7063 109.8603 69.9923
111.0814 104.1071 109.5695 94.8415 95.9677 82.7913 94.2503 96.3249 97.7083 112.9758 69.8951 70.2895 0.0000 123.2266 105.4806 137.8700
114.5582 89.0538 68.8755 76.2025 98.0662 116.4341 81.2286 85.9558 100.3070 72.9294 119.6836 91.7063 123.2266 0.0000 136.2725 83.2181
117.6853 99.1700 94.1578 91.3762 57.1446 130.5201 82.1273 97.7061 105.0896 113.2396 85.7255 109.8603 105.4806 136.2725 0.0000 126.6897
114.8409 107.7450 84.3277 79.7975 160.1864 100.5720 97.2520 112.8444 75.7753 115.9740 103.2461 69.9923 137.8700 83.2181 126.6897 0.0000
