16
0.0000 120.4518 50.8175 94.6322 99.0909 112.4896 38.4506 146.4102 16.6591 146.0693 222.8575 222.4330 295.3721 84.2993 95.9230 222.6002
120.4518 0.0000 59.1219 206.2186 175.7259 104.2148 216.3773 44.3156 29.2042 97.3262 306.8973 172.9175 185.5306 102.2152 110.7743 293.0153
50.8175 59.1219 0.0000 224.0946 41.5893 30.4630 38.9533 229.9826 2.5310 177.1580 66.5757 31.2823 179.1988 24.7665 177.9538 114.8017
94.6322 206.2186 224.0946 0.0000 16.3105 26.1883 202.5631 122.2867 116.0351 19.2054 84.3199 186.8744 94.7856 80.1933 74.4361 326.9461
99.0909 175.7259 41.5893 16.3105 0.0000 137.7248 100.3743 8.0606 169.8243 78.7022 128.9831 103.4282 39.1901 291.4366 73.9663 146.7044
112.4896 104.2148 30.4630 26.1883 137.7248 0.0000 26.0971 137.0289 118.7541 130.1802 36.4351 46.9214 48.9613 112.3035 2.8868 247.3606
38.4506 216.3773 38.9533 202.5631 100.3743 26.0971 0.0000 246.3027 63.6622 17.5691 89.9846 27.5455 63.2137 161.3230 61.6025 144.6271
146.4102 44.3156 229.9826 122.2867 8.0606 137.0289 246.3027 0.0000 67.5050 143.3265 67.4170 158.5935 165.9953 5.0469 168.3081 158.9513
16.6591 29.2042 2.5310 116.0351 169.8243 118.7541 63.6622 67.5050 0.0000 13.4908 75.6422 41.7307 300.9490 208.5197 79.6603 171.6725
146.0693 97.3262 177.1580 19.2054 78.7022 130.1802 17.5691 143.3265 13.4908 0.0000 121.5880 195.6196 77.7179 12.3838 106.2831 80.4632
222.8575 306.8973 66.5757 84.3199 128.9831 36.4351 89.9846 67.4170 75.6422 121.5880 0.0000 36.1328 74.6200 195.5441 132.2592 67.2164
222.4330 172.9175 31.2823 186.8744 103.4282 46.9214 27.5455 158.5935 41.7307 195.6196 36.1328 0.0000 58.2201 218.0612 36.3137 256.7207
295.3721 185.5306 179.1988 94.7856 39.1901 48.9613 63.2137 165.9953 300.9490 77.7179 74.6200 58.2201 0.0000 69.4598 99.4310 166.4722
84.2993 102.2152 24.7665 80.1933 291.4366 112.3035 161.3230 5.0469 208.5197 12.3838 195.5441 218.0612 69.4598 0.0000 97.2700 38.7138
95.9230 110.7743 177.9538 74.4361 73.9663 2.8868 61.6025 168.3081 79.6603 106.2831 132.2592 36.3137 99.4310 97.2700 0.0000 103.0933
222.6002 293.0153 114.8017 326.9461 146.7044 247.3606 144.6271 158.9513 171.6725 80.4632 67.2164 256.7207 166.4722 38.7138 103.0933 0.0000
