16
0.0000 156.6462 166.1197 95.3560 71.9193 25.0004 235.5407 106.2432 225.3189 159.0096 21.4204 51.6932 184.4643 117.6229 94.2899 272.3807
156.6462 0.0000 139.6927 243.9101 183.9529 103.5502 175.9457 34.1972 282.2110 76.2664 137.0200 239.6697 149.3352 80.3468 13.3512 251.3699
166.1197 139.6927 0.0000 270.8790 181.9958 159.2266 213.5492 113.8382 87.2949 85.1700 128.6839 121.0856 50.6941 102.5596 16.4160 141.0580
95.3560 243.9101 270.8790 0.0000 164.6689 140.9765 88.0619 198.4408 140.6785 87.9024 57.8282 9.3355 102.5409 72.6508 217.4940 78.7588
71.9193 183.9529 181.9958 164.6689 0.0000 95.3032 80.1196 136.8405 92.8340 80.2856 112.0346 168.9821 18.6798 35.8846 239.4268 173.6162
25.0004 103.5502 159.2266 140.9765 95.3032 0.0000 124.2811 1.5273 237.9589 48.8176 135.1637 120.5151 39.9518 93.8855 42.0510 8.7626
235.5407 175.9457 213.5492 88.0619 80.1196 124.2811 0.0000 126.2918 11.6837 102.9298 169.1083 61.1023 263.7663 94.3266 142.3049 123.8390
106.2432 34.1972 113.8382 198.4408 136.8405 1.5273 126.2918 0.0000 167.7757 217.4803 18.4856 53.3948 240.2612 337.1089 58.9277 180.5912
225.3189 282.2110 87.2949 140.6785 92.8340 237.9589 11.6837 167.7757 0.0000 1.5890 62.3462 55.4972 206.6845 42.9234 86.5339 202.0833
159.0096 76.2664 85.1700 87.9024 80.2856 48.8176 102.9298 217.4803 1.5890 0.0000 70.9699 156.0875 226.7766 23.7800 16.9090 8.1109
21.4204 137.0200 128.6839 57.8282 112.0346 135.1637 169.1083 18.4856 62.3462 70.9699 0.0000 143.4503 131.7162 216.6419 67.5798 67.3471
51.6932 239.6697 121.0856 9.3355 168.9821 120.5151 61.1023 53.3948 55.4972 156.0875 143.4503 0.0000 239.8112 202.8902 75.6059 357.7975
184.4643 149.3352 50.6941 102.5409 18.6798 39.9518 263.7663 240.2612 206.6845 226.7766 131.7162 239.8112 0.0000 184.8950 193.8926 141.2784
117.6229 80.3468 102.5596 72.6508 35.8846 93.8855 94.3266 337.1089 42.9234 23.7800 216.6419 202.8902 184.8950 0.0000 89.3446 71.8381
94.2899 13.3512 16.4160 217.4940 239.4268 42.0510 142.3049 58.9277 86.5339 16.9090 67.5798 75.6059 193.8926 89.3446 0.0000 157.1449
272.3807 251.3699 141.0580 78.7588 173.6162 8.7626 123.8390 180.5912 202.0833 8.1109 67.3471 357.7975 141.2784 71.8381 157.1449 0.0000
