16
0.0000 61.6752 88.5640 163.7412 46.5534 125.0040 81.0889 118.6571 102.4856 62.0877 63.5363 109.7628 87.2416 95.4995 107.6740 92.8801
61.6752 0.0000 138.7567 36.5872 129.7524 100.9592 187.2872 128.6553 84.7061 32.0065 67.8910 116.8604 102.0452 29.6940 165.3620 148.7936
88.5640 138.7567 0.0000 123.1961 146.9356 97.2603 48.7457 145.6440 103.6601 69.2714 24.0900 60.5092 39.3105 140.6775 38.4250 167.0090
163.7412 36.5872 123.1961 0.0000 124.8117 147.5131 33.6904 137.6581 58.1365 28.2510 207.0702 84.8338 39.7465 113.5343 68.3410 81.0904
46.5534 129.7524 146.9356 124.8117 0.0000 144.7329 55.7843 76.8161 63.5119 78.2689 158.4891 28.0025 87.4060 129.3729 96.7935 40.3969
125.0040 100.9592 97.2603 147.5131 144.7329 0.0000 147.3520 199.0668 85.0601 48.4662 52.8473 169.2926 44.9672 117.0278 102.2606 83.1362
81.0889 187.2872 48.7457 33.6904 55.7843 147.3520 0.0000 126.1459 98.5945 173.6438 93.1557 154.9888 66.5697 48.6804 88.2725 124.6772
118.6571 128.6553 145.6440 137.6581 76.8161 199.0668 126.1459 0.0000 20.4605 155.7750 78.5579 87.9198 118.8055 94.6472 168.8700 78.0863
102.4856 84.7061 103.6601 58.1365 63.5119 85.0601 98.5945 20.4605 0.0000 83.6146 166.1741 35.1649 113.6858 42.3044 182.4393 59.4990
62.0877 32.0065 69.2714 28.2510 78.2689 48.4662 173.6438 155.7750 83.6146 0.0000 150.8543 163.0673 54.7228 61.3656 101.5068 74.6097
63.5363 67.8910 24.0900 207.0702 158.4891 52.8473 93.1557 78.5579 166.1741 150.8543 0.0000 16.8529 180.9425 201.4943 55.3119 146.7457
109.7628 116.8604 60.5092 84.8338 28.0025 169.2926 154.9888 87.9198 35.1649 163.0673 16.8529 0.0000 109.6041 168.8208 123.0987 165.2412
87.2416 102.0452 39.3105 39.7465 87.4060 44.9672 66.5697 118.8055 113.6858 54.7228 180.9425 109.6041 0.0000 143.8963 82.3116 95.7560
95.4995 29.6940 140.6775 113.5343 129.3729 117.0278 48.6804 94.6472 42.3044 61.3656 201.4943 168.8208 143.8963 0.0000 63.1339 92.7504
107.6740 165.3620 38.4250 68.3410 96.7935 102.2606 88.2725 168.8700 182.4393 101.5068 55.3119 123.0987 82.3116 63.1339 0.0000 114.5462
92.8801 148.7936 167.0090 81.0904 40.3969 83.1362 124.6772 78.0863 59.4990 74.6097 146.7457 165.2412 95.7560 92.7504 114.5462 0.0000
