16
0.0000 132.5786 110.6758 239.0041 155.4248 242.2273 202.5270 47.1058 43.2700 132.4480 114.8259 232.9437 117.9397 77.9314 52.7088 150.7458
132.5786 0.0000 97.2381 105.6072 217.1723 182.6072 145.6199 165.3856 268.3157 1.5390 93.1806 88.1507 120.2565 93.0358 164.1605 181.3669
110.6758 97.2381 0.0000 194.2123 140.9806 9.0600 159.7041 222.1137 140.9577 124.8841 305.5951 74.3890 158.7605 28.8153 172.3308 190.6662
239.0041 105.6072 194.2123 0.0000 23.9892 89.8337 205.6223 87.2950 122.3282 85.2386 62.9210 282.3923 98.8901 58.8012 124.1038 85.3837
155.4248 217.1723 140.9806 23.9892 0.0000 194.7375 152.3819 106.6553 161.5444 88.2457 162.3412 149.0194 157.5413 78.1738 244.5155 24.0112
242.2273 182.6072 9.0600 89.8337 194.7375 0.0000 183.2060 132.4658 110.6197 63.7268 38.9259 192.4101 89.6002 175.6941 12.3136 269.0681
202.5270 145.6199 159.7041 205.6223 152.3819 183.2060 0.0000 166.0819 45.3244 191.0207 121.0606 87.5830 15.4165 26.1670 74.4620 29.3793
47.1058 165.3856 222.1137 87.2950 106.6553 132.4658 166.0819 0.0000 85.1589 218.2041 283.3661 18.8633 60.3336 321.9525 133.6866 130.6086
43.2700 268.3157 140.9577 122.3282 161.5444 110.6197 45.3244 85.1589 0.0000 125.5730 3.7370 264.9398 269.4857 106.3751 61.2207 104.4815
132.4480 1.5390 124.8841 85.2386 88.2457 63.7268 191.0207 218.2041 125.5730 0.0000 23.7581 35.3429 93.3107 195.6865 235.7061 13.4654
114.8259 93.1806 305.5951 62.9210 162.3412 38.9259 121.0606 283.3661 3.7370 23.7581 0.0000 140.6016 133.9225 94.2301 48.2935 53.7536
232.9437 88.1507 74.3890 282.3923 149.0194 192.4101 87.5830 18.8633 264.9398 35.3429 140.6016 0.0000 48.7213 39.8220 214.7283 250.0598
117.9397 120.2565 158.7605 98.8901 157.5413 89.6002 15.4165 60.3336 269.4857 93.3107 133.9225 48.7213 0.0000 344.9298 224.8695 350.3181
77.9314 93.0358 28.8153 58.8012 78.1738 175.6941 26.1670 321.9525 106.3751 195.6865 94.2301 39.8220 344.9298 0.0000 126.3966 25.6793
52.7088 164.1605 172.3308 124.1038 244.5155 12.3136 74.4620 133.6866 61.2207 235.7061 48.2935 214.7283 224.8695 126.3966 0.0000 68.6592
150.7458 181.3669 190.6662 85.3837 24.0112 269.0681 29.3793 130.6086 104.4815 13.4654 53.7536 250.0598 350.3181 25.6793 68.6592 0.0000
