16
0.0000 72.2118 85.4510 64.8905 114.8324 68.7004 129.1415 78.7272 94.4820 97.0988 60.1905 99.7527 113.5076 75.3496 87.9777 98.4880
72.2118 0.0000 101.7743 128.7489 93.1165 133.5184 96.6337 93.6375 111.0396 117.4854 58.0118 102.6478 110.7754 92.8475 84.8814 94.4235
85.4510 101.7743 0.0000 109.6904 129.7756 99.9345 81.8509 69.1582 98.5626 109.9045 96.0207 137.6280 118.6020 79.3313 74.8522 82.5651
64.8905 128.7489 109.6904 0.0000 103.4350 99.3831 115.1216 121.8429 101.6592 79.9033 88.3734 114.1507 119.0303 69.8621 75.8656 124.5754
114.8324 93.1165 129.7756 103.4350 0.0000 70.4913 101.6332 80.2827 91.6615 104.1518 110.4493 108.7474 123.0099 81.3989 99.6312 94.3571
68.7004 133.5184 99.9345 99.3831 70.4913 0.0000 79.6118 96.2764 111.9950 89.0081 113.3921 95.0553 84.8229 69.7282 116.9403 131.2587
129.1415 96.6337 81.8509 115.1216 101.6332 79.6118 0.0000 76.9602 99.6586 75.4753 109.1933 107.1085 63.6696 127.8216 118.4585 105.2196
78.7272 93.6375 69.1582 121.8429 80.2827 96.2764 76.9602 0.0000 114.7201 89.9036 115.2948 117.5498 101.0639 111.8798 95.5376 106.3536
94.4820 111.0396 98.5626 101.6592 91.6615 111.9950 99.6586 114.7201 0.0000 73.1489 84.3826 82.2415 117.6407 134.5260 86.2118 119.0699
97.0988 117.4854 109.9045 79.9033 104.1518 89.0081 75.4753 89.9036 73.1489 0.0000 96.5757 113.9258 75.4741 125.2720 83.9601 73.4653
60.1905 58.0118 96.0207 88.3734 110.4493 113.3921 109.1933 115.2948 84.3826 96.5757 0.0000 94.1997 119.0755 74.0926 102.4510 118.1572
99.7527 102.6478 137.6280 114.1507 108.7474 95.0553 107.1085 117.5498 82.2415 113.9258 94.1997 0.0000 106.6883 104.7351 97.4778 105.4489
113.5076 110.7754 118.6020 119.0303 123.0099 84.8229 63.6696 101.0639 117.6407 75.4741 119.0755 106.6883 0.0000 83.4331 95.5741 57.8222
75.3496 92.8475 79.3313 69.8621 81.3989 69.7282 127.8216 111.8798 134.5260 125.2720 74.0926 104.7351 83.4331 0.0000 86.7591 109.0691
87.9777 84.8814 74.8522 75.8656 99.6312 116.9403 118.4585 95.5376 86.2118 83.9601 102.4510 97.4778 95.5741 86.7591 0.0000 125.8698
98.4880 94.4235 82.5651 124.5754 94.3571 131.2587 105.2196 106.3536 119.0699 73.4653 118.1572 105.4489 57.8222 109.0691 125.8698 0.0000
