17
0.0000 86.1191 51.3233 57.0382 123.5622 97.1149 76.8099 114.3661 91.6271 91.0963 127.3525 68.1269 189.3615 51.5152 30.2783 115.4633 27.3996
86.1191 0.0000 100.9110 17.6943 173.3899 71.2593 83.4140 75.8724 85.2232 170.2382 124.7021 192.8832 66.7229 57.6812 115.2720 91.7270 142.4599
51.3233 100.9110 0.0000 69.8798 228.2617 8.8555 99.5075 86.3957 142.5683 169.4398 166.7545 105.3243 103.4735 75.2749 124.4483 65.3068 62.7531
57.0382 17.6943 69.8798 0.0000 124.2579 98.2784 98.0544 121.3050 179.3406 11.4028 99.4488 18.7620 111.1059 105.7163 54.3346 138.5462 95.3384
123.5622 173.3899 228.2617 124.2579 0.0000 60.0889 28.0121 111.2526 115.8816 97.8478 133.3238 26.6534 110.4083 103.5377 130.4244 126.7414 73.4111
97.1149 71.2593 8.8555 98.2784 60.0889 0.0000 58.1268 121.5568 151.0684 155.2142 152.2575 78.5205 111.4454 106.3173 84.8219 138.1927 94.8925
76.8099 83.4140 99.5075 98.0544 28.0121 58.1268 0.0000 139.7208 148.5852 87.6962 132.1158 74.1368 87.2801 165.2728 141.9492 134.0173 96.0389
114.3661 75.8724 86.3957 121.3050 111.2526 121.5568 139.7208 0.0000 111.3626 91.0635 78.7759 34.2822 91.3891 123.9027 22.5400 102.6851 109.8613
91.6271 85.2232 142.5683 179.3406 115.8816 151.0684 148.5852 111.3626 0.0000 76.8152 194.5190 113.1764 56.6354 111.5500 134.7737 169.2580 115.0598
91.0963 170.2382 169.4398 11.4028 97.8478 155.2142 87.6962 91.0635 76.8152 0.0000 77.3146 192.2439 181.9162 85.6265 187.2707 50.1111 29.6433
127.3525 124.7021 166.7545 99.4488 133.3238 152.2575 132.1158 78.7759 194.5190 77.3146 0.0000 60.0310 167.4350 38.8360 21.0889 96.1242 33.3757
68.1269 192.8832 105.3243 18.7620 26.6534 78.5205 74.1368 34.2822 113.1764 192.2439 60.0310 0.0000 123.0208 143.8671 90.7534 80.9140 108.5187
189.3615 66.7229 103.4735 111.1059 110.4083 111.4454 87.2801 91.3891 56.6354 181.9162 167.4350 123.0208 0.0000 15.0408 74.0980 35.5185 90.2964
51.5152 57.6812 75.2749 105.7163 103.5377 106.3173 165.2728 123.9027 111.5500 85.6265 38.8360 143.8671 15.0408 0.0000 43.1190 103.4602 100.4100
30.2783 115.2720 124.4483 54.3346 130.4244 84.8219 141.9492 22.5400 134.7737 187.2707 21.0889 90.7534 74.0980 43.1190 0.0000 61.4773 37.9441
115.4633 91.7270 65.3068 138.5462 126.7414 138.1927 134.0173 102.6851 169.2580 50.1111 96.1242 80.9140 35.5185 103.4602 61.4773 0.0000 126.3363
27.3996 142.4599 62.7531 95.3384 73.4111 94.8925 96.0389 109.8613 115.0598 29.6433 33.3757 108.5187 90.2964 100.4100 37.9441 126.3363 0.0000
