17
0.0000 334.6049 191.4424 110.1593 225.1220 224.1178 70.4024 26.9886 166.7978 104.8201 186.6210 88.3764 60.5239 127.3397 112.8357 134.5643 79.5058
334.6049 0.0000 120.8900 206.2054 204.4225 47.5690 226.0275 143.5028 68.9644 182.0244 178.5301 82.8794 198.7758 202.1224 18.4857 61.9808 15.3337
191.4424 120.8900 0.0000 193.5248 26.7644 57.1750 161.0158 187.2281 39.6192 246.9772 123.0552 57.9739 23.4821 152.9578 164.3867 200.9075 212.4366
110.1593 206.2054 193.5248 0.0000 126.9819 223.1006 105.9881 44.3396 100.0640 75.8264 172.1042 44.5082 162.6926 183.2839 117.5606 12.3881 53.0855
225.1220 204.4225 26.7644 126.9819 0.0000 248.3742 150.9946 235.4444 28.0508 83.0495 85.5284 144.5351 192.4407 159.6873 279.6067 87.9837 45.1022
224.1178 47.5690 57.1750 223.1006 248.3742 0.0000 233.8851 212.3364 196.3758 153.6857 198.1840 264.6028 242.3474 107.9336 202.1809 134.7496 140.2514
70.4024 226.0275 161.0158 105.9881 150.9946 233.8851 0.0000 4.9667 41.4963 20.2887 43.2639 156.7681 138.1839 155.1833 135.2346 27.9930 46.6653
26.9886 143.5028 187.2281 44.3396 235.4444 212.3364 4.9667 0.0000 122.6947 32.8715 353.1996 163.5941 180.2733 28.3153 168.5106 190.9641 20.5880
166.7978 68.9644 39.6192 100.0640 28.0508 196.3758 41.4963 122.6947 0.0000 49.0226 85.4650 115.0078 170.9077 110.4136 144.5175 64.0819 28.9433
104.8201 182.0244 246.9772 75.8264 83.0495 153.6857 20.2887 32.8715 49.0226 0.0000 191.7565 83.8568 76.1250 46.6060 74.7385 152.8982 147.3160
186.6210 178.5301 123.0552 172.1042 85.5284 198.1840 43.2639 353.1996 85.4650 191.7565 0.0000 214.3753 151.9087 217.4552 184.1437 45.4839 136.9590
88.3764 82.8794 57.9739 44.5082 144.5351 264.6028 156.7681 163.5941 115.0078 83.8568 214.3753 0.0000 58.0275 127.3676 132.4585 24.1941 108.5834
60.5239 198.7758 23.4821 162.6926 192.4407 242.3474 138.1839 180.2733 170.9077 76.1250 151.9087 58.0275 0.0000 42.7528 70.9990 152.9198 24.3073
127.3397 202.1224 152.9578 183.2839 159.6873 107.9336 155.1833 28.3153 110.4136 46.6060 217.4552 127.3676 42.7528 0.0000 143.4866 158.4575 276.6398
112.8357 18.4857 164.3867 117.5606 279.6067 202.1809 135.2346 168.5106 144.5175 74.7385 184.1437 132.4585 70.9990 143.4866 0.0000 105.2727 141.3016
134.5643 61.9808 200.9075 12.3881 87.9837 134.7496 27.9930 190.9641 64.0819 152.8982 45.4839 24.1941 152.9198 158.4575 105.2727 0.0000 141.4219
79.5058 15.3337 212.4366 53.0855 45.1022 140.2514 46.6653 20.5880 28.9433 147.3160 136.9590 108.5834 24.3073 276.6398 141.3016 141.4219 0.0000
