17
0.0000 64.4957 99.1641 71.2764 117.1232 57.0186 80.0467 105.1942 116.5441 104.0798 87.2585 111.4087 90.2247 71.9391 79.8980 133.2284 86.1382
64.4957 0.0000 89.6894 142.3088 80.4905 91.5163 87.9958 76.5963 95.4972 70.0347 90.6483 128.9163 113.4572 118.6938 82.6086 84.6675 107.7288
99.1641 89.6894 0.0000 108.6701 109.4182 87.8505 121.3904 99.7972 144.3242 104.9072 92.9018 93.3503 85.4491 81.6144 111.1583 94.2649 87.9273
71.2764 142.3088 108.6701 0.0000 70.6186 132.1526 72.5688 90.5228 124.8204 102.3041 109.3993 105.9726 139.8548 73.3243 84.5524 81.9061 107.3134
117.1232 80.4905 109.4182 70.6186 0.0000 95.1896 85.1994 100.4361 140.2055 123.9392 75.3987 104.9728 91.7520 70.0848 112.5214 119.7360 81.1100
57.0186 91.5163 87.8505 132.1526 95.1896 0.0000 97.7222 115.9363 77.8237 94.0531 94.2359 130.8098 86.0238 139.6877 92.4679 89.8260 94.3261
80.0467 87.9958 121.3904 72.5688 85.1994 97.7222 0.0000 99.5029 95.2859 143.7050 120.1283 102.5544 100.3912 105.1132 118.0202 115.6405 71.1248
105.1942 76.5963 99.7972 90.5228 100.4361 115.9363 99.5029 0.0000 108.7002 70.2680 80.9239 119.4409 154.3140 85.6690 100.1190 146.6285 74.5710
116.5441 95.4972 144.3242 124.8204 140.2055 77.8237 95.2859 108.7002 0.0000 90.0695 133.6953 132.5488 80.9861 111.2522 131.6468 122.6624 100.5122
104.0798 70.0347 104.9072 102.3041 123.9392 94.0531 143.7050 70.2680 90.0695 0.0000 80.7043 132.1572 89.8695 102.7535 112.2687 93.0746 104.6212
87.2585 90.6483 92.9018 109.3993 75.3987 94.2359 120.1283 80.9239 133.6953 80.7043 0.0000 75.4903 126.2949 89.2637 89.5866 98.4469 97.7787
111.4087 128.9163 93.3503 105.9726 104.9728 130.8098 102.5544 119.4409 132.5488 132.1572 75.4903 0.0000 119.0382 114.4080 117.0872 103.2653 122.9408
90.2247 113.4572 85.4491 139.8548 91.7520 86.0238 100.3912 154.3140 80.9861 89.8695 126.2949 119.0382 0.0000 114.5100 88.9247 153.4051 114.0507
71.9391 118.6938 81.6144 73.3243 70.0848 139.6877 105.1132 85.6690 111.2522 102.7535 89.2637 114.4080 114.5100 0.0000 102.5422 94.2149 82.1063
79.8980 82.6086 111.1583 84.5524 112.5214 92.4679 118.0202 100.1190 131.6468 112.2687 89.5866 117.0872 88.9247 102.5422 0.0000 90.4249 106.8469
133.2284 84.6675 94.2649 81.9061 119.7360 89.8260 115.6405 146.6285 122.6624 93.0746 98.4469 103.2653 153.4051 94.2149 90.4249 0.0000 95.8726
86.1382 107.7288 87.9273 107.3134 81.1100 94.3261 71.1248 74.5710 100.5122 104.6212 97.7787 122.9408 114.0507 82.1063 106.8469 95.8726 0.0000
