17
0.0000 65.7796 109.5024 115.6541 81.5935 144.6859 117.3804 110.4929 74.5681 104.7869 116.7001 90.1727 107.3107 119.1826 149.2523 81.3517 122.6458
65.7796 0.0000 88.2239 85.1077 119.2319 130.3244 78.1932 120.2529 77.7537 101.5536 162.6694 92.2395 135.5916 86.1575 94.4556 108.5495 91.0321
109.5024 88.2239 0.0000 88.9814 114.2014 103.4111 68.5506 114.1984 82.0145 109.4270 123.2503 111.1370 114.0734 83.9519 108.8433 103.8287 65.0129
115.6541 85.1077 88.9814 0.0000 118.7494 104.2414 107.4641 123.4323 89.8506 114.7114 78.6022 118.2090 108.2477 115.5588 79.3933 60.6685 97.9200
81.5935 119.2319 114.2014 118.7494 0.0000 102.4953 128.5613 108.1434 104.3225 97.8880 81.4114 87.1343 68.6636 92.7451 132.6313 84.6959 126.8730
144.6859 130.3244 103.4111 104.2414 102.4953 0.0000 137.4015 70.6407 139.9894 93.0967 105.1497 82.2074 96.3960 93.9444 86.1100 104.6928 120.2116
117.3804 78.1932 68.5506 107.4641 128.5613 137.4015 0.0000 79.1392 73.7786 101.3035 91.1575 102.5258 90.8512 162.2503 113.5667 97.5519 102.5215
110.4929 120.2529 114.1984 123.4323 108.1434 70.6407 79.1392 0.0000 96.2115 74.5344 99.8160 95.2953 92.2732 123.0025 106.7696 71.8330 86.9231
74.5681 77.7537 82.0145 89.8506 104.3225 139.9894 73.7786 96.2115 0.0000 88.9251 89.7503 107.7993 84.2009 72.0078 81.6354 119.0480 100.8305
104.7869 101.5536 109.4270 114.7114 97.8880 93.0967 101.3035 74.5344 88.9251 0.0000 111.7332 87.5820 90.1181 76.0833 133.0645 131.7788 83.7712
116.7001 162.6694 123.2503 78.6022 81.4114 105.1497 91.1575 99.8160 89.7503 111.7332 0.0000 135.3263 117.9561 70.7986 74.9015 54.6786 119.8803
90.1727 92.2395 111.1370 118.2090 87.1343 82.2074 102.5258 95.2953 107.7993 87.5820 135.3263 0.0000 125.8960 114.5856 70.4128 95.7809 157.8544
107.3107 135.5916 114.0734 108.2477 68.6636 96.3960 90.8512 92.2732 84.2009 90.1181 117.9561 125.8960 0.0000 141.5763 147.6677 86.2218 80.5273
119.1826 86.1575 83.9519 115.5588 92.7451 93.9444 162.2503 123.0025 72.0078 76.0833 70.7986 114.5856 141.5763 0.0000 121.5537 101.7386 96.8438
149.2523 94.4556 108.8433 79.3933 132.6313 86.1100 113.5667 106.7696 81.6354 133.0645 74.9015 70.4128 147.6677 121.5537 0.0000 92.6437 88.6804
81.3517 108.5495 103.8287 60.6685 84.6959 104.6928 97.5519 71.8330 119.0480 131.7788 54.6786 95.7809 86.2218 101.7386 92.6437 0.0000 114.1129
122.6458 91.0321 65.0129 97.9200 126.8730 120.2116 102.5215 86.9231 100.8305 83.7712 119.8803 157.8544 80.5273 96.8438 88.6804 114.1129 0.0000
