17
0.0000 152.8843 182.5148 34.3898 34.1179 118.0151 183.9713 127.8645 167.6094 95.3017 74.0810 193.7611 190.6903 200.6992 66.8374 255.1742 161.1391
152.8843 0.0000 225.6026 127.0355 130.7184 216.2252 242.1103 204.0117 117.1565 104.4535 75.7015 167.6020 121.4310 202.9273 94.3869 137.8617 58.7143
182.5148 225.6026 0.0000 160.3747 178.4799 129.7691 27.1411 278.7072 98.3612 8.9477 13.4526 80.0653 3.3606 36.0319 171.7651 210.5340 179.5816
34.3898 127.0355 160.3747 0.0000 264.3083 291.9184 106.0615 164.1977 167.4819 134.1695 113.9880 33.3802 106.8126 18.4686 120.7806 196.8385 138.2397
34.1179 130.7184 178.4799 264.3083 0.0000 166.2493 201.7760 45.0942 111.3894 148.5959 159.6561 297.6370 147.2796 107.7200 161.3248 28.5486 212.0617
118.0151 216.2252 129.7691 291.9184 166.2493 0.0000 18.4529 136.8460 110.3734 184.4503 74.0101 209.2455 125.4178 264.2623 124.2607 3.8108 144.3630
183.9713 242.1103 27.1411 106.0615 201.7760 18.4529 0.0000 137.1146 211.1342 59.8470 115.4413 194.8112 76.9579 302.5946 147.2720 7.1056 239.0273
127.8645 204.0117 278.7072 164.1977 45.0942 136.8460 137.1146 0.0000 162.0834 47.5327 90.1940 167.7041 170.2660 64.2702 114.5453 202.4046 75.1150
167.6094 117.1565 98.3612 167.4819 111.3894 110.3734 211.1342 162.0834 0.0000 212.6428 70.6496 118.1995 71.6142 138.6561 14.7510 128.7415 38.1147
95.3017 104.4535 8.9477 134.1695 148.5959 184.4503 59.8470 47.5327 212.6428 0.0000 187.2890 83.4586 56.8966 69.3834 119.4483 112.1547 6.4836
74.0810 75.7015 13.4526 113.9880 159.6561 74.0101 115.4413 90.1940 70.6496 187.2890 0.0000 162.6572 31.6110 65.6547 121.2009 266.8887 120.4345
193.7611 167.6020 80.0653 33.3802 297.6370 209.2455 194.8112 167.7041 118.1995 83.4586 162.6572 0.0000 175.6100 99.3150 85.5745 142.7088 136.2120
190.6903 121.4310 3.3606 106.8126 147.2796 125.4178 76.9579 170.2660 71.6142 56.8966 31.6110 175.6100 0.0000 167.7408 157.2472 101.0254 158.1326
200.6992 202.9273 36.0319 18.4686 107.7200 264.2623 302.5946 64.2702 138.6561 69.3834 65.6547 99.3150 167.7408 0.0000 26.3323 108.1095 158.1075
66.8374 94.3869 171.7651 120.7806 161.3248 124.2607 147.2720 114.5453 14.7510 119.4483 121.2009 85.5745 157.2472 26.3323 0.0000 18.8583 96.0159
255.1742 137.8617 210.5340 196.8385 28.5486 3.8108 7.1056 202.4046 128.7415 112.1547 266.8887 142.7088 101.0254 108.1095 18.8583 0.0000 123.8748
161.1391 58.7143 179.5816 138.2397 212.0617 144.3630 239.0273 75.1150 38.1147 6.4836 120.4345 136.2120 158.1326 158.1075 96.0159 123.8748 0.0000
