17
0.0000 112.6939 99.0746 130.5265 90.6388 74.7274 109.6684 142.2869 86.1147 103.4970 93.0046 110.3673 95.6726 103.7379 95.4026 98.6161 93.4229
112.6939 0.0000 79.1298 119.0370 95.6352 119.4890 91.4234 103.4945 105.0749 108.8729 121.9411 95.1668 91.0207 106.4008 109.8708 110.6697 72.0516
99.0746 79.1298 0.0000 118.5419 105.5817 105.5451 110.0261 86.4381 82.3820 110.5633 104.5672 101.2087 127.8154 86.5571 98.3541 109.3337 87.4152
130.5265 119.0370 118.5419 0.0000 107.5200 89.7795 133.4617 96.7807 132.8286 113.4861 88.7007 115.7245 111.0470 132.8653 113.5388 88.0878 85.9755
90.6388 95.6352 105.5817 107.5200 0.0000 72.4338 92.4200 65.7766 115.9541 90.2782 64.8368 118.1244 109.3668 85.0325 98.3971 79.4446 98.9903
74.7274 119.4890 105.5451 89.7795 72.4338 0.0000 101.4771 81.7629 123.2300 113.2918 133.8013 91.0309 113.3866 136.8760 113.1105 112.8435 131.3648
109.6684 91.4234 110.0261 133.4617 92.4200 101.4771 0.0000 144.3683 113.2207 99.2520 57.6377 113.1422 97.2489 98.5136 97.9598 94.9315 114.7647
142.2869 103.4945 86.4381 96.7807 65.7766 81.7629 144.3683 0.0000 100.8192 121.8115 107.2009 89.3885 125.5226 120.1559 101.3058 93.1514 87.2675
86.1147 105.0749 82.3820 132.8286 115.9541 123.2300 113.2207 100.8192 0.0000 79.4861 67.9946 54.5710 84.1606 117.3026 66.4430 98.1473 89.6248
103.4970 108.8729 110.5633 113.4861 90.2782 113.2918 99.2520 121.8115 79.4861 0.0000 108.4268 117.1705 85.6538 101.2716 128.2946 75.6948 103.5338
93.0046 121.9411 104.5672 88.7007 64.8368 133.8013 57.6377 107.2009 67.9946 108.4268 0.0000 103.5293 89.9074 126.7227 95.8263 91.0336 79.9450
110.3673 95.1668 101.2087 115.7245 118.1244 91.0309 113.1422 89.3885 54.5710 117.1705 103.5293 0.0000 108.0664 99.3791 128.1999 136.6308 133.6048
95.6726 91.0207 127.8154 111.0470 109.3668 113.3866 97.2489 125.5226 84.1606 85.6538 89.9074 108.0664 0.0000 73.8047 88.5695 112.8397 86.9107
103.7379 106.4008 86.5571 132.8653 85.0325 136.8760 98.5136 120.1559 117.3026 101.2716 126.7227 99.3791 73.8047 0.0000 74.7974 105.4939 135.9266
95.4026 109.8708 98.3541 113.5388 98.3971 113.1105 97.9598 101.3058 66.4430 128.2946 95.8263 128.1999 88.5695 74.7974 0.0000 107.8612 81.2805
98.6161 110.6697 109.3337 88.0878 79.4446 112.8435 94.9315 93.1514 98.1473 75.6948 91.0336 136.6308 112.8397 105.4939 107.8612 0.0000 85.6814
93.4229 72.0516 87.4152 85.9755 98.9903 131.3648 114.7647 87.2675 89.6248 103.5338 79.9450 133.6048 86.9107 135.9266 81.2805 85.6814 0.0000
