17
0.0000 170.6591 116.8092 29.7788 112.2039 41.3212 126.8435 80.4387 119.3359 83.1504 121.7179 95.7830 106.9132 136.3796 63.5666 28.2608 86.3505
170.6591 0.0000 96.8378 99.1225 143.8761 115.6524 56.7400 65.5773 123.3904 129.0555 222.6914 88.9553 92.9614 77.5504 91.1673 143.5009 116.0514
116.8092 96.8378 0.0000 126.0586 16.1655 105.8087 120.9118 46.7237 25.1621 117.0432 107.9656 163.2546 14.2784 150.3449 90.1921 109.5223 130.7890
29.7788 99.1225 126.0586 0.0000 19.2888 79.2305 90.3606 168.7374 155.4509 179.8719 130.4768 113.8826 188.8150 102.0572 162.7879 144.5416 44.9951
112.2039 143.8761 16.1655 19.2888 0.0000 112.0154 32.2079 183.8809 107.0006 87.3658 181.4620 107.4845 119.2604 76.5802 143.4350 37.9472 73.4070
41.3212 115.6524 105.8087 79.2305 112.0154 0.0000 48.6300 124.6944 91.0292 129.5861 108.5692 86.1023 122.9825 24.1809 105.0877 175.7312 189.1075
126.8435 56.7400 120.9118 90.3606 32.2079 48.6300 0.0000 29.0946 44.1535 109.1277 218.9896 62.2015 46.7288 67.5268 73.1340 129.3744 54.8511
80.4387 65.5773 46.7237 168.7374 183.8809 124.6944 29.0946 0.0000 125.0709 96.8250 129.7272 183.2143 151.7734 132.0459 132.7046 61.6926 96.4346
119.3359 123.3904 25.1621 155.4509 107.0006 91.0292 44.1535 125.0709 0.0000 162.1138 92.9116 78.4927 139.4131 112.7351 157.4496 51.9978 15.7599
83.1504 129.0555 117.0432 179.8719 87.3658 129.5861 109.1277 96.8250 162.1138 0.0000 27.4482 87.6111 68.9636 114.2054 87.7692 160.1825 78.0196
121.7179 222.6914 107.9656 130.4768 181.4620 108.5692 218.9896 129.7272 92.9116 27.4482 0.0000 56.7627 46.3042 71.7777 119.5857 174.7682 101.3337
95.7830 88.9553 163.2546 113.8826 107.4845 86.1023 62.2015 183.2143 78.4927 87.6111 56.7627 0.0000 131.0351 123.7302 143.6911 102.0680 133.3036
106.9132 92.9614 14.2784 188.8150 119.2604 122.9825 46.7288 151.7734 139.4131 68.9636 46.3042 131.0351 0.0000 15.8053 20.4945 49.2584 146.7771
136.3796 77.5504 150.3449 102.0572 76.5802 24.1809 67.5268 132.0459 112.7351 114.2054 71.7777 123.7302 15.8053 0.0000 69.7767 134.3576 35.9696
63.5666 91.1673 90.1921 162.7879 143.4350 105.0877 73.1340 132.7046 157.4496 87.7692 119.5857 143.6911 20.4945 69.7767 0.0000 106.7909 65.5225
28.2608 143.5009 109.5223 144.5416 37.9472 175.7312 129.3744 61.6926 51.9978 160.1825 174.7682 102.0680 49.2584 134.3576 106.7909 0.0000 153.0377
86.3505 116.0514 130.7890 44.9951 73.4070 189.1075 54.8511 96.4346 15.7599 78.0196 101.3337 133.3036 146.7771 35.9696 65.5225 153.0377 0.0000
