17
0.0000 77.9508 20.1320 172.0588 75.3558 39.9226 113.2037 95.7514 20.3417 56.7574 73.8065 10.4463 66.1473 131.0044 133.7257 121.9712 121.3660
77.9508 0.0000 148.5396 161.0272 125.4441 65.7556 107.9618 55.2881 128.3288 190.1349 55.0818 56.5672 101.3341 72.5154 165.2832 135.3435 114.3827
20.1320 148.5396 0.0000 152.8573 79.4173 45.4856 17.1743 106.0532 161.8333 153.5352 124.1941 159.2862 90.8911 144.7471 90.8371 109.9040 97.7124
172.0588 161.0272 152.8573 0.0000 140.2668 174.4767 64.8581 106.1019 162.1647 80.4870 120.1962 104.8675 67.8892 62.0613 62.8154 117.5829 71.6550
75.3558 125.4441 79.4173 140.2668 0.0000 164.2016 163.1966 129.4918 47.8120 125.6352 147.9514 65.4220 189.1064 98.4616 65.7180 96.9814 164.1701
39.9226 65.7556 45.4856 174.4767 164.2016 0.0000 29.5750 72.3751 54.2770 87.8040 118.5968 59.3741 62.2461 69.7486 138.1548 140.1047 91.7920
113.2037 107.9618 17.1743 64.8581 163.1966 29.5750 0.0000 169.2760 93.1394 117.7727 151.9272 86.8398 71.1110 124.6726 53.2466 28.2333 35.7023
95.7514 55.2881 106.0532 106.1019 129.4918 72.3751 169.2760 0.0000 143.4336 50.0557 129.8756 98.6837 72.2054 124.2321 43.7196 199.4138 35.3186
20.3417 128.3288 161.8333 162.1647 47.8120 54.2770 93.1394 143.4336 0.0000 184.4458 118.5650 128.7746 203.5802 119.8308 17.6529 111.0392 74.7554
56.7574 190.1349 153.5352 80.4870 125.6352 87.8040 117.7727 50.0557 184.4458 0.0000 132.3817 83.6627 143.2527 110.4286 122.4679 51.1499 69.4113
73.8065 55.0818 124.1941 120.1962 147.9514 118.5968 151.9272 129.8756 118.5650 132.3817 0.0000 130.6620 24.4690 58.7111 145.5359 61.2573 128.7900
10.4463 56.5672 159.2862 104.8675 65.4220 59.3741 86.8398 98.6837 128.7746 83.6627 130.6620 0.0000 182.8238 163.3796 101.7922 61.4830 110.9310
66.1473 101.3341 90.8911 67.8892 189.1064 62.2461 71.1110 72.2054 203.5802 143.2527 24.4690 182.8238 0.0000 102.8549 143.0921 12.3725 122.2985
131.0044 72.5154 144.7471 62.0613 98.4616 69.7486 124.6726 124.2321 119.8308 110.4286 58.7111 163.3796 102.8549 0.0000 43.4441 137.9947 44.5761
133.7257 165.2832 90.8371 62.8154 65.7180 138.1548 53.2466 43.7196 17.6529 122.4679 145.5359 101.7922 143.0921 43.4441 0.0000 56.8805 52.3164
121.9712 135.3435 109.9040 117.5829 96.9814 140.1047 28.2333 199.4138 111.0392 51.1499 61.2573 61.4830 12.3725 137.9947 56.8805 0.0000 54.3258
121.3660 114.3827 97.7124 71.6550 164.1701 91.7920 35.7023 35.3186 74.7554 69.4113 128.7900 110.9310 122.2985 44.5761 52.3164 54.3258 0.0000
