17
0.0000 77.1863 118.6465 196.0659 53.7722 89.7789 128.5409 226.3717 95.5595 105.6742 95.3350 194.2659 153.9255 152.3570 141.2295 25.9466 108.5901
77.1863 0.0000 91.1360 168.6564 5.8464 105.8453 168.4760 321.8988 24.3797 192.1727 173.5800 74.3783 104.6751 72.8359 210.7105 62.5168 115.7681
118.6465 91.1360 0.0000 60.6167 143.1879 97.6396 48.0530 42.3215 176.7649 40.4391 112.4336 38.8332 152.0154 69.1427 122.1861 189.7400 134.7398
196.0659 168.6564 60.6167 0.0000 56.4126 116.9954 181.8139 40.2328 133.3332 77.9257 122.3548 102.7591 94.8140 133.7016 121.0390 179.2098 64.0351
53.7722 5.8464 143.1879 56.4126 0.0000 139.3722 102.8975 129.8504 170.0204 47.6247 234.6279 31.4874 195.2945 28.4744 156.1853 118.3441 286.4067
89.7789 105.8453 97.6396 116.9954 139.3722 0.0000 148.1659 105.5670 37.0868 143.3145 208.9070 217.5563 58.7656 132.6682 170.2025 53.6483 276.5736
128.5409 168.4760 48.0530 181.8139 102.8975 148.1659 0.0000 322.3042 186.8179 256.5727 163.8202 140.6041 66.7435 65.2943 268.1593 346.1546 167.4210
226.3717 321.8988 42.3215 40.2328 129.8504 105.5670 322.3042 0.0000 109.4023 180.0944 182.2377 213.2388 5.8961 75.4750 60.3702 212.9781 39.8284
95.5595 24.3797 176.7649 133.3332 170.0204 37.0868 186.8179 109.4023 0.0000 158.6414 84.7464 19.1344 10.3654 115.4086 284.8047 144.9072 10.1891
105.6742 192.1727 40.4391 77.9257 47.6247 143.3145 256.5727 180.0944 158.6414 0.0000 87.1579 212.0248 280.9340 116.4421 130.6408 0.1657 143.8942
95.3350 173.5800 112.4336 122.3548 234.6279 208.9070 163.8202 182.2377 84.7464 87.1579 0.0000 150.0943 349.4393 52.7713 149.6984 42.9333 114.3049
194.2659 74.3783 38.8332 102.7591 31.4874 217.5563 140.6041 213.2388 19.1344 212.0248 150.0943 0.0000 55.2654 10.7195 58.1796 87.6578 275.2262
153.9255 104.6751 152.0154 94.8140 195.2945 58.7656 66.7435 5.8961 10.3654 280.9340 349.4393 55.2654 0.0000 261.5243 127.5390 153.5866 194.1188
152.3570 72.8359 69.1427 133.7016 28.4744 132.6682 65.2943 75.4750 115.4086 116.4421 52.7713 10.7195 261.5243 0.0000 151.8267 178.9586 23.7035
141.2295 210.7105 122.1861 121.0390 156.1853 170.2025 268.1593 60.3702 284.8047 130.6408 149.6984 58.1796 127.5390 151.8267 0.0000 226.2928 132.3898
25.9466 62.5168 189.7400 179.2098 118.3441 53.6483 346.1546 212.9781 144.9072 0.1657 42.9333 87.6578 153.5866 178.9586 226.2928 0.0000 154.5282
108.5901 115.7681 134.7398 64.0351 286.4067 276.5736 167.4210 39.8284 10.1891 143.8942 114.3049 275.2262 194.1188 23.7035 132.3898 154.5282 0.0000
