18
0.0000 93.6393 88.8132 100.7141 84.1601 75.0992 107.2838 87.4842 105.9923 90.0019 61.0055 104.0169 86.9150 93.0317 91.9522 133.0937 97.9220 99.4408
93.6393 0.0000 90.6293 97.3035 96.1158 148.9889 81.0489 77.0946 71.6538 77.8669 133.4317 114.5108 87.5669 87.6408 94.3047 90.7446 104.9354 100.1790
88.8132 90.6293 0.0000 85.7534 109.9079 121.9986 92.2120 81.8306 80.3348 81.5266 94.6434 146.6423 57.6931 113.6906 58.4023 90.9408 115.6622 92.9198
100.7141 97.3035 85.7534 0.0000 71.0400 67.5101 118.6537 104.6587 120.1555 101.9910 60.2078 68.9603 98.8407 119.0089 124.2816 99.0898 100.3022 75.9262
84.1601 96.1158 109.9079 71.0400 0.0000 98.7761 92.5526 99.1602 113.9790 111.5087 66.2612 85.2476 104.2629 89.2378 143.8581 85.3309 127.8195 98.2011
75.0992 148.9889 121.9986 67.5101 98.7761 0.0000 109.6424 92.8767 123.8724 140.3271 94.9051 91.2517 91.3996 78.6737 92.1178 123.5914 101.5059 108.4791
107.2838 81.0489 92.2120 118.6537 92.5526 109.6424 0.0000 90.6724 96.4540 92.0937 89.1353 99.4078 57.6316 116.1488 119.9390 87.1693 124.0295 106.7227
87.4842 77.0946 81.8306 104.6587 99.1602 92.8767 90.6724 0.0000 83.6997 113.1706 99.1888 105.5393 100.8902 55.5916 70.5749 125.5771 137.5568 100.7509
105.9923 71.6538 80.3348 120.1555 113.9790 123.8724 96.4540 83.6997 0.0000 129.9793 112.5513 113.2324 89.0963 81.9313 76.5595 95.9711 120.0964 92.5204
90.0019 77.8669 81.5266 101.9910 111.5087 140.3271 92.0937 113.1706 129.9793 0.0000 88.1045 135.4161 91.4454 117.3438 108.8333 79.8999 99.5772 133.7984
61.0055 133.4317 94.6434 60.2078 66.2612 94.9051 89.1353 99.1888 112.5513 88.1045 0.0000 122.7497 123.0545 129.7040 83.8851 101.0903 82.2731 95.3545
104.0169 114.5108 146.6423 68.9603 85.2476 91.2517 99.4078 105.5393 113.2324 135.4161 122.7497 0.0000 87.8764 120.3908 113.0611 47.1342 130.1214 76.1549
86.9150 87.5669 57.6931 98.8407 104.2629 91.3996 57.6316 100.8902 89.0963 91.4454 123.0545 87.8764 0.0000 87.7234 128.8473 75.9205 94.4771 96.2570
93.0317 87.6408 113.6906 119.0089 89.2378 78.6737 116.1488 55.5916 81.9313 117.3438 129.7040 120.3908 87.7234 0.0000 76.8180 111.3770 107.3891 85.8295
91.9522 94.3047 58.4023 124.2816 143.8581 92.1178 119.9390 70.5749 76.5595 108.8333 83.8851 113.0611 128.8473 76.8180 0.0000 112.4965 86.3663 95.7577
133.0937 90.7446 90.9408 99.0898 85.3309 123.5914 87.1693 125.5771 95.9711 79.8999 101.0903 47.1342 75.9205 111.3770 112.4965 0.0000 65.7102 200.5217
97.9220 104.9354 115.6622 100.3022 127.8195 101.5059 124.0295 137.5568 120.0964 99.5772 82.2731 130.1214 94.4771 107.3891 86.3663 65.7102 0.0000 122.3468
99.4408 100.1790 92.9198 75.9262 98.2011 108.4791 106.7227 100.7509 92.5204 133.7984 95.3545 76.1549 96.2570 85.8295 95.7577 200.5217 122.3468 0.0000
