18
0.0000 200.0053 230.7650 47.8873 202.9914 120.1294 125.7953 189.8758 108.0530 113.5309 49.0350 243.1693 75.3362 129.6446 193.3490 9.9671 155.0451 165.1861
200.0053 0.0000 26.5051 135.1390 202.4583 290.5361 12.2167 207.1119 55.8839 41.2206 167.1974 135.5307 31.3351 131.1748 290.8907 244.3320 14.6133 139.4965
230.7650 26.5051 0.0000 156.4747 208.9594 49.1456 252.1519 236.4541 34.4299 106.8725 117.1185 51.9394 213.1736 48.2191 203.8541 262.1390 163.6128 171.6170
47.8873 135.1390 156.4747 0.0000 40.8173 40.4360 192.5349 247.2873 176.6561 161.9346 110.7087 126.4668 197.2847 172.6459 262.6442 26.0457 56.9433 16.8784
202.9914 202.4583 208.9594 40.8173 0.0000 203.4586 201.2237 65.9676 33.5803 48.1452 93.2808 169.3831 73.6961 115.5669 39.6215 20.9643 296.6194 151.2910
120.1294 290.5361 49.1456 40.4360 203.4586 0.0000 127.8807 44.0090 199.0064 39.9869 34.5789 300.6896 40.9853 32.6268 38.5452 129.1553 166.8091 84.3254
125.7953 12.2167 252.1519 192.5349 201.2237 127.8807 0.0000 26.5108 26.6640 34.9229 155.2012 114.8419 182.9079 27.4733 110.5145 9.3590 281.8880 83.3998
189.8758 207.1119 236.4541 247.2873 65.9676 44.0090 26.5108 0.0000 50.5044 60.9223 83.0174 32.5910 13.3767 190.8520 252.9044 239.8119 139.2174 74.4393
108.0530 55.8839 34.4299 176.6561 33.5803 199.0064 26.6640 50.5044 0.0000 104.0798 217.3365 33.9492 57.1136 146.6677 205.1996 200.5447 136.8285 176.6498
113.5309 41.2206 106.8725 161.9346 48.1452 39.9869 34.9229 60.9223 104.0798 0.0000 130.1971 247.3913 163.6689 136.7386 35.5258 305.9362 83.5051 282.6879
49.0350 167.1974 117.1185 110.7087 93.2808 34.5789 155.2012 83.0174 217.3365 130.1971 0.0000 133.0443 27.4583 147.8677 198.8510 151.6025 76.5912 108.5791
243.1693 135.5307 51.9394 126.4668 169.3831 300.6896 114.8419 32.5910 33.9492 247.3913 133.0443 0.0000 7.6435 13.9217 129.3234 252.7418 292.4777 147.8507
75.3362 31.3351 213.1736 197.2847 73.6961 40.9853 182.9079 13.3767 57.1136 163.6689 27.4583 7.6435 0.0000 182.7943 6.9104 158.9972 99.1200 64.1461
129.6446 131.1748 48.2191 172.6459 115.5669 32.6268 27.4733 190.8520 146.6677 136.7386 147.8677 13.9217 182.7943 0.0000 276.3042 280.8833 122.9540 123.1418
193.3490 290.8907 203.8541 262.6442 39.6215 38.5452 110.5145 252.9044 205.1996 35.5258 198.8510 129.3234 6.9104 276.3042 0.0000 215.0025 77.5216 37.9928
9.9671 244.3320 262.1390 26.0457 20.9643 129.1553 9.3590 239.8119 200.5447 305.9362 151.6025 252.7418 158.9972 280.8833 215.0025 0.0000 268.0848 13.0055
155.0451 14.6133 163.6128 56.9433 296.6194 166.8091 281.8880 139.2174 136.8285 83.5051 76.5912 292.4777 99.1200 122.9540 77.5216 268.0848 0.0000 260.8836
165.1861 139.4965 171.6170 16.8784 151.2910 84.3254 83.3998 74.4393 176.6498 282.6879 108.5791 147.8507 64.1461 123.1418 37.9928 13.0055 260.8836 0.0000
