18
0.0000 114.1793 90.0996 135.1091 105.3485 109.3649 107.7364 119.7304 119.6308 90.5567 107.1882 109.5744 103.4226 67.0897 103.5007 111.8420 115.2009 115.8339
114.1793 0.0000 88.9211 102.6351 126.9218 108.4915 109.7669 77.9156 80.2576 121.9319 114.3114 137.6482 69.8631 120.7544 98.8406 96.6081 114.0529 102.6167
90.0996 88.9211 0.0000 91.9531 104.9302 83.7053 113.3921 91.6162 82.2321 113.4839 108.3206 105.7010 77.1887 96.3361 106.4920 125.7429 96.3415 141.3053
135.1091 102.6351 91.9531 0.0000 98.2013 122.3154 63.4344 112.6980 112.9583 129.1132 72.9430 103.6266 91.9649 127.9484 107.3677 101.7590 112.5347 135.0154
105.3485 126.9218 104.9302 98.2013 0.0000 112.3351 98.3875 126.1161 109.0551 66.2362 44.5498 89.5232 90.8674 106.9673 95.8789 121.3681 125.7804 93.8465
109.3649 108.4915 83.7053 122.3154 112.3351 0.0000 93.9824 117.8045 68.1575 102.9179 87.7506 87.5118 113.9919 81.9925 104.7595 66.5875 98.6296 115.4417
107.7364 109.7669 113.3921 63.4344 98.3875 93.9824 0.0000 98.8138 59.6648 87.9675 121.8525 134.9136 105.4897 127.1681 112.5865 88.3141 110.0480 82.8577
119.7304 77.9156 91.6162 112.6980 126.1161 117.8045 98.8138 0.0000 87.7046 121.8032 90.7036 120.5841 118.1898 82.5304 120.6867 121.5397 129.5963 130.4495
119.6308 80.2576 82.2321 112.9583 109.0551 68.1575 59.6648 87.7046 0.0000 98.9077 88.3636 107.4984 109.0150 86.3543 110.5220 127.1494 84.6940 121.7565
90.5567 121.9319 113.4839 129.1132 66.2362 102.9179 87.9675 121.8032 98.9077 0.0000 97.6892 81.4297 74.2881 125.2299 111.5472 72.0167 113.4285 118.7718
107.1882 114.3114 108.3206 72.9430 44.5498 87.7506 121.8525 90.7036 88.3636 97.6892 0.0000 85.9050 115.6964 104.8040 114.2004 74.4245 122.7136 99.3119
109.5744 137.6482 105.7010 103.6266 89.5232 87.5118 134.9136 120.5841 107.4984 81.4297 85.9050 0.0000 110.1880 108.5639 86.0873 81.9731 118.3460 77.2364
103.4226 69.8631 77.1887 91.9649 90.8674 113.9919 105.4897 118.1898 109.0150 74.2881 115.6964 110.1880 0.0000 36.9510 95.8658 88.3184 100.1849 75.2781
67.0897 120.7544 96.3361 127.9484 106.9673 81.9925 127.1681 82.5304 86.3543 125.2299 104.8040 108.5639 36.9510 0.0000 115.9106 80.7278 80.3634 94.6330
103.5007 98.8406 106.4920 107.3677 95.8789 104.7595 112.5865 120.6867 110.5220 111.5472 114.2004 86.0873 95.8658 115.9106 0.0000 91.3674 127.9672 133.5475
111.8420 96.6081 125.7429 101.7590 121.3681 66.5875 88.3141 121.5397 127.1494 72.0167 74.4245 81.9731 88.3184 80.7278 91.3674 0.0000 86.9162 88.7403
115.2009 114.0529 96.3415 112.5347 125.7804 98.6296 110.0480 129.5963 84.6940 113.4285 122.7136 118.3460 100.1849 80.3634 127.9672 86.9162 0.0000 115.2782
115.8339 102.6167 141.3053 135.0154 93.8465 115.4417 82.8577 130.4495 121.7565 118.7718 99.3119 77.2364 75.2781 94.6330 133.5475 88.7403 115.2782 0.0000
