18
0.0000 86.8243 98.2797 124.4388 107.4308 100.3548 110.0598 94.2600 90.3446 110.8500 99.5696 76.6244 101.0839 92.1595 89.0769 99.0570 67.4666 90.7801
86.8243 0.0000 93.8799 103.0855 101.6870 81.5066 125.9893 111.1550 111.1518 117.0054 80.0894 133.4276 86.1641 97.4266 134.0620 77.2652 113.7476 91.8450
98.2797 93.8799 0.0000 108.1382 102.1033 83.9907 106.8544 130.4819 62.2377 127.2605 96.7123 56.2263 70.8537 96.2170 106.7087 88.7837 114.7617 121.1853
124.4388 103.0855 108.1382 0.0000 103.5517 63.9644 105.0535 122.6211 119.7045 108.6951 112.0228 95.0521 78.6542 105.6003 105.2003 94.4381 92.3316 80.2813
107.4308 101.6870 102.1033 103.5517 0.0000 123.8516 87.3617 126.8295 107.5088 140.2816 60.2620 93.7465 134.2199 83.8752 106.4247 71.1276 91.4363 81.5692
100.3548 81.5066 83.9907 63.9644 123.8516 0.0000 120.2819 93.3150 106.8939 72.4535 106.8561 107.4307 117.4807 91.9279 112.6073 134.4544 99.0704 104.3723
110.0598 125.9893 106.8544 105.0535 87.3617 120.2819 0.0000 87.2734 61.9432 135.6923 116.7494 94.5583 82.2275 100.9935 100.8504 76.6259 69.4339 129.5791
94.2600 111.1550 130.4819 122.6211 126.8295 93.3150 87.2734 0.0000 81.6864 109.0004 93.0134 111.1524 151.8543 142.2077 104.0507 131.0373 136.2565 83.0842
90.3446 111.1518 62.2377 119.7045 107.5088 106.8939 61.9432 81.6864 0.0000 71.3277 98.7838 101.5872 72.8763 130.2861 103.9318 99.6124 106.4552 107.8171
110.8500 117.0054 127.2605 108.6951 140.2816 72.4535 135.6923 109.0004 71.3277 0.0000 116.2370 77.0730 81.6123 70.8467 93.8405 88.4196 82.5549 97.0998
99.5696 80.0894 96.7123 112.0228 60.2620 106.8561 116.7494 93.0134 98.7838 116.2370 0.0000 121.6208 70.7615 136.7479 101.3544 103.7904 109.1409 116.8262
76.6244 133.4276 56.2263 95.0521 93.7465 107.4307 94.5583 111.1524 101.5872 77.0730 121.6208 0.0000 100.5107 73.6469 89.2830 93.5284 121.6811 75.2338
101.0839 86.1641 70.8537 78.6542 134.2199 117.4807 82.2275 151.8543 72.8763 81.6123 70.7615 100.5107 0.0000 58.3990 119.4517 93.1519 84.3452 113.5236
92.1595 97.4266 96.2170 105.6003 83.8752 91.9279 100.9935 142.2077 130.2861 70.8467 136.7479 73.6469 58.3990 0.0000 89.8030 96.2746 108.9240 73.4022
89.0769 134.0620 106.7087 105.2003 106.4247 112.6073 100.8504 104.0507 103.9318 93.8405 101.3544 89.2830 119.4517 89.8030 0.0000 61.4811 124.6484 96.5605
99.0570 77.2652 88.7837 94.4381 71.1276 134.4544 76.6259 131.0373 99.6124 88.4196 103.7904 93.5284 93.1519 96.2746 61.4811 0.0000 95.6721 101.8755
67.4666 113.7476 114.7617 92.3316 91.4363 99.0704 69.4339 136.2565 106.4552 82.5549 109.1409 121.6811 84.3452 108.9240 124.6484 95.6721 0.0000 74.7861
90.7801 91.8450 121.1853 80.2813 81.5692 104.3723 129.5791 83.0842 107.8171 97.0998 116.8262 75.2338 113.5236 73.4022 96.5605 101.8755 74.7861 0.0000
