18
0.0000 128.3369 50.8195 84.4698 100.3099 225.9068 114.7156 55.5507 61.7958 89.3657 44.3967 145.7031 85.7554 58.2999 204.0934 19.4461 110.3787 83.6306
128.3369 0.0000 151.3784 120.1085 60.6644 42.7566 55.9271 120.8040 90.0863 101.5500 135.2152 151.8428 14.3325 112.0919 75.5855 115.7979 129.0026 125.4599
50.8195 151.3784 0.0000 143.7450 131.8034 20.6861 102.1513 143.1809 74.2849 71.9434 80.8475 96.4401 102.4244 121.9127 175.5653 66.5516 103.5874 59.0971
84.4698 120.1085 143.7450 0.0000 72.4981 88.2683 103.9232 121.1604 71.2757 115.9951 157.6256 32.4713 56.0906 128.2134 69.9204 8.1998 108.3654 155.1564
100.3099 60.6644 131.8034 72.4981 0.0000 42.0005 106.1392 113.3873 117.0555 131.8945 122.9276 132.0347 42.1004 133.2975 93.8333 238.2247 31.1610 146.2530
225.9068 42.7566 20.6861 88.2683 42.0005 0.0000 134.7472 135.5951 162.5671 57.6023 162.3044 94.9077 89.2634 100.9860 118.7109 148.9315 12.7782 69.7734
114.7156 55.9271 102.1513 103.9232 106.1392 134.7472 0.0000 183.6134 135.2597 139.6786 96.5629 168.0694 59.4255 146.1280 203.5930 105.4268 166.2353 61.9555
55.5507 120.8040 143.1809 121.1604 113.3873 135.5951 183.6134 0.0000 2.5339 88.1165 119.2588 82.7049 128.6316 30.8740 163.1169 42.2920 65.0981 123.1586
61.7958 90.0863 74.2849 71.2757 117.0555 162.5671 135.2597 2.5339 0.0000 145.4425 65.3088 16.9234 78.1945 76.2049 45.6462 71.9092 175.4073 88.0078
89.3657 101.5500 71.9434 115.9951 131.8945 57.6023 139.6786 88.1165 145.4425 0.0000 99.8815 186.4725 93.4887 100.4193 188.1237 95.0247 84.0796 152.4913
44.3967 135.2152 80.8475 157.6256 122.9276 162.3044 96.5629 119.2588 65.3088 99.8815 0.0000 77.7644 27.0751 100.7038 111.2644 156.2426 51.5747 51.9292
145.7031 151.8428 96.4401 32.4713 132.0347 94.9077 168.0694 82.7049 16.9234 186.4725 77.7644 0.0000 140.7781 102.8910 67.5510 17.9948 113.2413 42.0557
85.7554 14.3325 102.4244 56.0906 42.1004 89.2634 59.4255 128.6316 78.1945 93.4887 27.0751 140.7781 0.0000 59.6623 80.1413 78.1784 64.7690 157.0968
58.2999 112.0919 121.9127 128.2134 133.2975 100.9860 146.1280 30.8740 76.2049 100.4193 100.7038 102.8910 59.6623 0.0000 95.2815 124.2770 81.3771 62.0276
204.0934 75.5855 175.5653 69.9204 93.8333 118.7109 203.5930 163.1169 45.6462 188.1237 111.2644 67.5510 80.1413 95.2815 0.0000 175.1451 141.6981 178.9768
19.4461 115.7979 66.5516 8.1998 238.2247 148.9315 105.4268 42.2920 71.9092 95.0247 156.2426 17.9948 78.1784 124.2770 175.1451 0.0000 124.0977 88.1746
110.3787 129.0026 103.5874 108.3654 31.1610 12.7782 166.2353 65.0981 175.4073 84.0796 51.5747 113.2413 64.7690 81.3771 141.6981 124.0977 0.0000 155.8491
83.6306 125.4599 59.0971 155.1564 146.2530 69.7734 61.9555 123.1586 88.0078 152.4913 51.9292 42.0557 157.0968 62.0276 178.9768 88.1746 155.8491 0.0000
