18
0.0000 302.4464 121.1708 168.6311 31.7819 23.7734 121.7326 225.4503 54.0004 253.1014 162.4763 157.7338 116.2741 224.0999 194.5345 84.1289 248.8189 208.9574
302.4464 0.0000 18.8463 192.8175 112.6137 88.2341 191.7708 105.9268 60.6359 11.9885 242.2923 127.7958 182.6537 322.2863 47.6642 66.1302 192.6677 43.7003
121.1708 18.8463 0.0000 148.0123 130.3142 200.6211 26.4274 147.2127 287.5188 77.3024 169.1152 280.4635 112.4293 58.0549 144.9827 41.2848 163.0386 160.4170
168.6311 192.8175 148.0123 0.0000 78.5488 40.0518 29.9949 59.9701 331.6780 109.8636 178.7979 341.2491 94.5308 149.5262 71.8896 65.1017 205.4732 4.4584
31.7819 112.6137 130.3142 78.5488 0.0000 167.1869 113.6288 8.1017 36.1519 161.1148 149.0287 192.0256 73.5764 43.7431 274.5913 169.9208 192.8927 151.5098
23.7734 88.2341 200.6211 40.0518 167.1869 0.0000 292.2236 169.1095 39.7529 152.1679 174.4027 135.3172 295.3830 102.4158 132.2809 98.7189 213.5941 151.2651
121.7326 191.7708 26.4274 29.9949 113.6288 292.2236 0.0000 48.9135 26.7518 217.5818 193.8047 47.6140 117.0434 226.1843 7.0899 119.2964 319.1807 76.7456
225.4503 105.9268 147.2127 59.9701 8.1017 169.1095 48.9135 0.0000 132.8660 6.4694 169.4746 241.9382 222.0842 60.3133 203.9064 134.9004 44.8233 98.0312
54.0004 60.6359 287.5188 331.6780 36.1519 39.7529 26.7518 132.8660 0.0000 84.0802 212.9299 110.5346 64.6312 221.4064 152.8644 392.1309 161.8639 2.2377
253.1014 11.9885 77.3024 109.8636 161.1148 152.1679 217.5818 6.4694 84.0802 0.0000 1.7430 16.6361 12.1615 138.8380 180.1685 260.6894 178.8031 128.2492
162.4763 242.2923 169.1152 178.7979 149.0287 174.4027 193.8047 169.4746 212.9299 1.7430 0.0000 93.0060 325.5798 108.3088 119.3072 16.5164 354.9762 114.5948
157.7338 127.7958 280.4635 341.2491 192.0256 135.3172 47.6140 241.9382 110.5346 16.6361 93.0060 0.0000 96.3385 231.3477 196.1932 37.0249 301.3655 200.1502
116.2741 182.6537 112.4293 94.5308 73.5764 295.3830 117.0434 222.0842 64.6312 12.1615 325.5798 96.3385 0.0000 126.4415 0.6830 123.9624 76.1380 61.1151
224.0999 322.2863 58.0549 149.5262 43.7431 102.4158 226.1843 60.3133 221.4064 138.8380 108.3088 231.3477 126.4415 0.0000 155.8612 57.1507 112.5356 94.9926
194.5345 47.6642 144.9827 71.8896 274.5913 132.2809 7.0899 203.9064 152.8644 180.1685 119.3072 196.1932 0.6830 155.8612 0.0000 267.9623 194.0385 238.0903
84.1289 66.1302 41.2848 65.1017 169.9208 98.7189 119.2964 134.9004 392.1309 260.6894 16.5164 37.0249 123.9624 57.1507 267.9623 0.0000 304.5157 50.0360
248.8189 192.6677 163.0386 205.4732 192.8927 213.5941 319.1807 44.8233 161.8639 178.8031 354.9762 301.3655 76.1380 112.5356 194.0385 304.5157 0.0000 140.1385
208.9574 43.7003 160.4170 4.4584 151.5098 151.2651 76.7456 98.0312 2.2377 128.2492 114.5948 200.1502 61.1151 94.9926 238.0903 50.0360 140.1385 0.0000
