18
0.0000 119.9323 87.7908 25.8514 58.0330 14.5616 233.8907 129.1064 155.0617 116.9672 101.1856 207.4577 6.3841 134.6963 81.6134 2.5858 230.6319 127.6705
119.9323 0.0000 197.3876 223.7858 22.4191 165.3872 203.2839 34.4069 107.8823 199.1377 132.8034 59.4129 226.2334 47.9724 201.7862 38.4359 79.7350 154.9055
87.7908 197.3876 0.0000 307.1424 242.8948 10.4383 136.7536 154.0343 94.5110 16.0165 163.7211 31.6061 234.2457 61.9484 64.9961 83.9984 206.9112 154.4271
25.8514 223.7858 307.1424 0.0000 229.1376 11.9607 201.0419 24.5217 5.0690 17.4507 35.5593 1.2969 131.0705 169.7118 200.7015 128.7214 40.8794 312.1263
58.0330 22.4191 242.8948 229.1376 0.0000 112.2875 50.3725 176.1694 166.6797 75.9423 132.3767 134.3724 0.8773 202.4124 30.7848 10.2368 157.4283 177.7528
14.5616 165.3872 10.4383 11.9607 112.2875 0.0000 202.6904 184.8887 104.0524 48.0290 243.1486 150.4114 26.0558 58.4256 141.8125 93.3904 263.8043 167.6313
233.8907 203.2839 136.7536 201.0419 50.3725 202.6904 0.0000 139.8954 60.0181 88.5773 124.0854 246.2097 238.1479 73.3337 31.0826 254.0099 200.3864 115.3205
129.1064 34.4069 154.0343 24.5217 176.1694 184.8887 139.8954 0.0000 92.7386 140.2238 112.6686 51.1147 191.6252 87.1162 165.2097 164.1504 15.4849 114.8320
155.0617 107.8823 94.5110 5.0690 166.6797 104.0524 60.0181 92.7386 0.0000 88.4628 267.6074 164.0014 98.1965 163.0784 125.2280 163.9504 58.3975 61.6044
116.9672 199.1377 16.0165 17.4507 75.9423 48.0290 88.5773 140.2238 88.4628 0.0000 108.5960 29.1871 6.2588 146.3262 54.0108 94.1007 6.3634 26.3049
101.1856 132.8034 163.7211 35.5593 132.3767 243.1486 124.0854 112.6686 267.6074 108.5960 0.0000 145.2991 56.5787 146.9855 146.4851 84.5045 115.8451 0.9487
207.4577 59.4129 31.6061 1.2969 134.3724 150.4114 246.2097 51.1147 164.0014 29.1871 145.2991 0.0000 45.7082 102.2783 102.6013 35.4301 205.5931 17.1933
6.3841 226.2334 234.2457 131.0705 0.8773 26.0558 238.1479 191.6252 98.1965 6.2588 56.5787 45.7082 0.0000 174.2760 20.9978 129.8353 117.6075 97.0391
134.6963 47.9724 61.9484 169.7118 202.4124 58.4256 73.3337 87.1162 163.0784 146.3262 146.9855 102.2783 174.2760 0.0000 52.0726 117.1782 202.7851 65.7787
81.6134 201.7862 64.9961 200.7015 30.7848 141.8125 31.0826 165.2097 125.2280 54.0108 146.4851 102.6013 20.9978 52.0726 0.0000 161.7487 72.6669 87.9660
2.5858 38.4359 83.9984 128.7214 10.2368 93.3904 254.0099 164.1504 163.9504 94.1007 84.5045 35.4301 129.8353 117.1782 161.7487 0.0000 68.9811 226.0318
230.6319 79.7350 206.9112 40.8794 157.4283 263.8043 200.3864 15.4849 58.3975 6.3634 115.8451 205.5931 117.6075 202.7851 72.6669 68.9811 0.0000 162.9881
127.6705 154.9055 154.4271 312.1263 177.7528 167.6313 115.3205 114.8320 61.6044 26.3049 0.9487 17.1933 97.0391 65.7787 87.9660 226.0318 162.9881 0.0000
