18
0.0000 134.0607 25.3471 100.4482 66.5226 80.0512 161.6733 195.6838 14.2178 7.5505 206.9677 121.8403 103.8728 169.6634 129.0969 85.2060 86.1731 125.0997
134.0607 0.0000 114.0496 33.6785 250.3042 104.8782 68.6603 104.0635 158.4254 176.0010 10.0357 167.4260 76.6713 154.6646 65.8442 78.4125 45.8250 76.4661
25.3471 114.0496 0.0000 77.5995 114.1336 86.6767 120.9885 115.5235 86.9630 160.8412 92.6336 46.2413 70.9595 108.5660 97.6148 43.1673 48.4157 32.4529
100.4482 33.6785 77.5995 0.0000 89.7275 87.3559 91.3609 93.8515 89.1179 22.6592 65.2780 49.7339 60.1308 158.7755 155.0066 180.8529 137.0524 202.9084
66.5226 250.3042 114.1336 89.7275 0.0000 93.2341 53.5121 88.7956 161.7702 87.7071 114.6061 20.4617 37.8451 113.1956 152.2409 77.4512 83.3499 179.4843
80.0512 104.8782 86.6767 87.3559 93.2341 0.0000 21.9050 100.9135 92.7449 137.4618 110.2816 120.9629 107.4872 107.4833 72.0959 37.1976 86.3079 57.6946
161.6733 68.6603 120.9885 91.3609 53.5121 21.9050 0.0000 124.8152 130.0527 119.7593 81.5078 93.3180 185.8569 131.1360 109.1265 202.3866 60.5165 103.5160
195.6838 104.0635 115.5235 93.8515 88.7956 100.9135 124.8152 0.0000 109.6574 33.4230 63.6096 56.8724 138.5446 109.2166 89.9891 30.1280 47.0842 90.6623
14.2178 158.4254 86.9630 89.1179 161.7702 92.7449 130.0527 109.6574 0.0000 127.4627 113.9591 125.1905 107.2204 61.3183 143.3054 152.5365 37.3680 30.0370
7.5505 176.0010 160.8412 22.6592 87.7071 137.4618 119.7593 33.4230 127.4627 0.0000 92.5017 129.0308 109.6942 230.1588 145.3379 19.5745 64.1049 108.1344
206.9677 10.0357 92.6336 65.2780 114.6061 110.2816 81.5078 63.6096 113.9591 92.5017 0.0000 136.9739 25.5054 210.0645 88.5918 122.0497 111.2961 90.3321
121.8403 167.4260 46.2413 49.7339 20.4617 120.9629 93.3180 56.8724 125.1905 129.0308 136.9739 0.0000 149.7566 170.9445 213.5823 204.9412 83.7098 53.8888
103.8728 76.6713 70.9595 60.1308 37.8451 107.4872 185.8569 138.5446 107.2204 109.6942 25.5054 149.7566 0.0000 54.7546 76.7078 100.4122 166.5985 80.3059
169.6634 154.6646 108.5660 158.7755 113.1956 107.4833 131.1360 109.2166 61.3183 230.1588 210.0645 170.9445 54.7546 0.0000 59.0735 62.7584 187.2831 96.4126
129.0969 65.8442 97.6148 155.0066 152.2409 72.0959 109.1265 89.9891 143.3054 145.3379 88.5918 213.5823 76.7078 59.0735 0.0000 128.5608 69.5572 75.4854
85.2060 78.4125 43.1673 180.8529 77.4512 37.1976 202.3866 30.1280 152.5365 19.5745 122.0497 204.9412 100.4122 62.7584 128.5608 0.0000 97.8154 168.5505
86.1731 45.8250 48.4157 137.0524 83.3499 86.3079 60.5165 47.0842 37.3680 64.1049 111.2961 83.7098 166.5985 187.2831 69.5572 97.8154 0.0000 150.6591
125.0997 76.4661 32.4529 202.9084 179.4843 57.6946 103.5160 90.6623 30.0370 108.1344 90.3321 53.8888 80.3059 96.4126 75.4854 168.5505 150.6591 0.0000
