6
0.0000 104.4717 113.3736 109.2489 76.1313 109.0243
104.4717 0.0000 118.0080 110.7626 115.2075 62.9260
113.3736 118.0080 0.0000 69.2197 104.2341 106.2808
109.2489 110.7626 69.2197 0.0000 119.7092 129.6439
76.1313 115.2075 104.2341 119.7092 0.0000 73.3498
109.0243 62.9260 106.2808 129.6439 73.3498 0.0000
