6
0.0000 27.2991 148.4572 51.9809 175.5263 54.1430
27.2991 0.0000 23.5027 53.6158 109.5473 78.0131
148.4572 23.5027 0.0000 35.5123 103.4105 101.7528
51.9809 53.6158 35.5123 0.0000 73.4889 144.4257
175.5263 109.5473 103.4105 73.4889 0.0000 86.7005
54.1430 78.0131 101.7528 144.4257 86.7005 0.0000
