6
0.0000 104.7823 95.1698 117.6586 118.8801 134.3266
104.7823 0.0000 101.4928 99.7234 105.5114 98.6694
95.1698 101.4928 0.0000 121.3578 132.7728 91.2177
117.6586 99.7234 121.3578 0.0000 125.0848 97.2564
118.8801 105.5114 132.7728 125.0848 0.0000 109.5923
134.3266 98.6694 91.2177 97.2564 109.5923 0.0000
