6
0.0000 59.2651 54.1076 16.0845 140.5516 99.4243
59.2651 0.0000 116.6303 79.9464 169.0734 83.1065
54.1076 116.6303 0.0000 170.2293 74.7736 120.2985
16.0845 79.9464 170.2293 0.0000 85.1677 210.7961
140.5516 169.0734 74.7736 85.1677 0.0000 122.1297
99.4243 83.1065 120.2985 210.7961 122.1297 0.0000
