6
0.0000 112.6226 32.4880 174.5536 36.8764 187.2477
112.6226 0.0000 94.5975 190.0856 77.7365 91.8945
32.4880 94.5975 0.0000 135.0889 87.6557 193.7770
174.5536 190.0856 135.0889 0.0000 199.5645 1.4810
36.8764 77.7365 87.6557 199.5645 0.0000 13.6591
187.2477 91.8945 193.7770 1.4810 13.6591 0.0000
