6
0.0000 15.5495 89.8586 195.5384 16.9569 306.9177
15.5495 0.0000 68.5276 33.7207 132.2463 148.0394
89.8586 68.5276 0.0000 108.1365 180.2775 266.1504
195.5384 33.7207 108.1365 0.0000 37.7869 207.3695
16.9569 132.2463 180.2775 37.7869 0.0000 320.5897
306.9177 148.0394 266.1504 207.3695 320.5897 0.0000
