6
0.0000 167.1487 89.8143 77.7010 179.5614 10.3466
167.1487 0.0000 133.5955 167.5918 7.5960 241.9524
89.8143 133.5955 0.0000 283.3886 39.5754 149.2204
77.7010 167.5918 283.3886 0.0000 83.8893 92.3024
179.5614 7.5960 39.5754 83.8893 0.0000 238.5223
10.3466 241.9524 149.2204 92.3024 238.5223 0.0000
