6
0.0000 63.1181 6.0751 43.8393 70.7032 114.3331
63.1181 0.0000 184.5467 138.6122 99.3448 79.7299
6.0751 184.5467 0.0000 88.4110 209.2851 105.0036
43.8393 138.6122 88.4110 0.0000 39.1192 88.0327
70.7032 99.3448 209.2851 39.1192 0.0000 80.4892
114.3331 79.7299 105.0036 88.0327 80.4892 0.0000
