6
0.0000 114.1980 114.5607 157.7341 80.3504 172.3451
114.1980 0.0000 94.4854 0.0747 97.7804 138.8351
114.5607 94.4854 0.0000 58.4492 71.2766 142.2789
157.7341 0.0747 58.4492 0.0000 77.3617 171.2932
80.3504 97.7804 71.2766 77.3617 0.0000 56.0326
172.3451 138.8351 142.2789 171.2932 56.0326 0.0000
