6
0.0000 49.5050 75.3724 69.2113 119.1943 128.8630
49.5050 0.0000 15.8455 133.8398 110.3574 82.8323
75.3724 15.8455 0.0000 78.7011 75.3973 172.5249
69.2113 133.8398 78.7011 0.0000 131.7905 106.2624
119.1943 110.3574 75.3973 131.7905 0.0000 79.4566
128.8630 82.8323 172.5249 106.2624 79.4566 0.0000
