6
0.0000 87.5064 105.6085 74.2288 100.0563 97.2879
87.5064 0.0000 132.4706 104.5719 98.1750 65.7647
105.6085 132.4706 0.0000 156.1900 124.1030 77.1493
74.2288 104.5719 156.1900 0.0000 69.0345 116.3607
100.0563 98.1750 124.1030 69.0345 0.0000 63.7171
97.2879 65.7647 77.1493 116.3607 63.7171 0.0000
