6
0.0000 251.6524 101.9502 140.2026 25.9237 26.3706
251.6524 0.0000 26.8195 175.6958 127.5063 65.0899
101.9502 26.8195 0.0000 92.2245 141.9368 16.9603
140.2026 175.6958 92.2245 0.0000 34.1168 246.8698
25.9237 127.5063 141.9368 34.1168 0.0000 130.9280
26.3706 65.0899 16.9603 246.8698 130.9280 0.0000
