6
0.0000 104.2282 105.8300 81.8037 105.9521 85.7033
104.2282 0.0000 110.4787 101.2873 101.9354 115.1896
105.8300 110.4787 0.0000 95.1937 91.5376 102.3108
81.8037 101.2873 95.1937 0.0000 111.0946 114.9078
105.9521 101.9354 91.5376 111.0946 0.0000 91.0780
85.7033 115.1896 102.3108 114.9078 91.0780 0.0000
