6
0.0000 65.2025 103.5241 65.0307 71.7846 79.3487
65.2025 0.0000 146.6358 126.3980 139.4193 39.3482
103.5241 146.6358 0.0000 75.6608 97.2448 57.0890
65.0307 126.3980 75.6608 0.0000 21.1625 45.8224
71.7846 139.4193 97.2448 21.1625 0.0000 78.8415
79.3487 39.3482 57.0890 45.8224 78.8415 0.0000
