6
0.0000 172.3674 48.5260 196.8736 273.9782 87.6684
172.3674 0.0000 97.2198 142.5519 116.7058 261.3182
48.5260 97.2198 0.0000 44.4754 39.2407 62.9516
196.8736 142.5519 44.4754 0.0000 105.6602 108.3461
273.9782 116.7058 39.2407 105.6602 0.0000 71.3887
87.6684 261.3182 62.9516 108.3461 71.3887 0.0000
