6
0.0000 115.6951 120.9097 109.3530 107.1634 93.8836
115.6951 0.0000 93.2966 95.2360 87.1950 95.9998
120.9097 93.2966 0.0000 84.0610 93.0116 89.6297
109.3530 95.2360 84.0610 0.0000 114.1201 113.6619
107.1634 87.1950 93.0116 114.1201 0.0000 95.1548
93.8836 95.9998 89.6297 113.6619 95.1548 0.0000
