6
0.0000 35.4966 93.0379 46.2324 45.6873 113.0328
35.4966 0.0000 106.8582 103.8325 70.6004 41.7269
93.0379 106.8582 0.0000 169.1943 136.4084 215.0329
46.2324 103.8325 169.1943 0.0000 151.7298 91.1726
45.6873 70.6004 136.4084 151.7298 0.0000 210.2946
113.0328 41.7269 215.0329 91.1726 210.2946 0.0000
