6
0.0000 128.1289 112.1339 129.2802 109.9226 124.9191
128.1289 0.0000 110.9418 97.2337 70.6048 124.4774
112.1339 110.9418 0.0000 74.8709 91.1753 126.7852
129.2802 97.2337 74.8709 0.0000 108.4237 79.2131
109.9226 70.6048 91.1753 108.4237 0.0000 114.0516
124.9191 124.4774 126.7852 79.2131 114.0516 0.0000
