6
0.0000 132.0992 194.8371 29.5980 113.5671 63.1930
132.0992 0.0000 77.4837 89.5047 84.3343 97.0280
194.8371 77.4837 0.0000 98.3085 100.0231 190.1007
29.5980 89.5047 98.3085 0.0000 67.1382 142.7280
113.5671 84.3343 100.0231 67.1382 0.0000 25.3315
63.1930 97.0280 190.1007 142.7280 25.3315 0.0000
