6
0.0000 118.9124 85.7800 92.5984 82.5432 288.3912
118.9124 0.0000 219.3612 60.9727 106.9615 53.2301
85.7800 219.3612 0.0000 59.4113 187.6926 64.1715
92.5984 60.9727 59.4113 0.0000 120.6059 6.8936
82.5432 106.9615 187.6926 120.6059 0.0000 55.1567
288.3912 53.2301 64.1715 6.8936 55.1567 0.0000
