6
0.0000 110.3862 83.5115 65.7321 73.5754 142.0972
110.3862 0.0000 132.9605 61.1821 86.3073 74.6471
83.5115 132.9605 0.0000 71.5023 123.9553 102.0207
65.7321 61.1821 71.5023 0.0000 87.5888 80.0438
73.5754 86.3073 123.9553 87.5888 0.0000 107.1211
142.0972 74.6471 102.0207 80.0438 107.1211 0.0000
