6
0.0000 119.5710 72.4010 21.9168 96.1306 127.6263
119.5710 0.0000 132.5132 110.9220 151.9503 194.9711
72.4010 132.5132 0.0000 168.3433 180.7536 32.2965
21.9168 110.9220 168.3433 0.0000 100.2032 227.4286
96.1306 151.9503 180.7536 100.2032 0.0000 71.0933
127.6263 194.9711 32.2965 227.4286 71.0933 0.0000
