7
0.0000 67.4590 121.2095 50.6552 73.0240 32.4561 69.0319
67.4590 0.0000 52.7687 82.6238 77.8038 179.1935 130.3305
121.2095 52.7687 0.0000 71.5984 125.6737 111.2433 144.1574
50.6552 82.6238 71.5984 0.0000 115.9751 26.7398 104.5336
73.0240 77.8038 125.6737 115.9751 0.0000 86.1974 140.8185
32.4561 179.1935 111.2433 26.7398 86.1974 0.0000 133.5253
69.0319 130.3305 144.1574 104.5336 140.8185 133.5253 0.0000
