7
0.0000 46.3185 84.8773 117.1671 247.3972 120.3145 98.9593
46.3185 0.0000 80.6402 60.4681 169.9756 181.2193 31.1421
84.8773 80.6402 0.0000 69.6217 15.6315 217.7367 124.2943
117.1671 60.4681 69.6217 0.0000 133.0388 187.1252 66.5685
247.3972 169.9756 15.6315 133.0388 0.0000 178.4094 125.6023
120.3145 181.2193 217.7367 187.1252 178.4094 0.0000 193.1154
98.9593 31.1421 124.2943 66.5685 125.6023 193.1154 0.0000
