7
0.0000 161.5295 45.9411 79.0890 100.8281 26.0380 31.3717
161.5295 0.0000 80.1102 139.2895 98.0684 60.3272 52.9854
45.9411 80.1102 0.0000 279.0116 50.4267 212.9932 64.0772
79.0890 139.2895 279.0116 0.0000 112.1255 82.5358 73.5874
100.8281 98.0684 50.4267 112.1255 0.0000 141.3749 52.2625
26.0380 60.3272 212.9932 82.5358 141.3749 0.0000 139.9666
31.3717 52.9854 64.0772 73.5874 52.2625 139.9666 0.0000
