7
0.0000 133.8939 57.0735 149.3271 89.7742 158.5422 102.8734
133.8939 0.0000 136.0850 90.3731 56.8597 60.7274 86.9450
57.0735 136.0850 0.0000 120.1100 86.8453 120.2190 51.0414
149.3271 90.3731 120.1100 0.0000 86.2109 191.8005 56.5532
89.7742 56.8597 86.8453 86.2109 0.0000 107.2869 189.7498
158.5422 60.7274 120.2190 191.8005 107.2869 0.0000 113.8670
102.8734 86.9450 51.0414 56.5532 189.7498 113.8670 0.0000
