7
0.0000 105.0337 114.0146 100.9352 94.5498 65.7424 94.2034
105.0337 0.0000 116.3390 86.0952 107.5094 123.0760 107.9518
114.0146 116.3390 0.0000 106.2326 67.7531 112.1106 83.6808
100.9352 86.0952 106.2326 0.0000 153.1093 99.3807 88.3624
94.5498 107.5094 67.7531 153.1093 0.0000 103.7856 92.7895
65.7424 123.0760 112.1106 99.3807 103.7856 0.0000 102.4749
94.2034 107.9518 83.6808 88.3624 92.7895 102.4749 0.0000
