7
0.0000 159.1614 97.8448 68.5773 100.6648 147.6513 124.1642
159.1614 0.0000 116.5863 9.7915 92.9282 152.7830 85.0468
97.8448 116.5863 0.0000 174.5587 120.5579 132.6475 114.0893
68.5773 9.7915 174.5587 0.0000 119.7938 85.4412 104.5092
100.6648 92.9282 120.5579 119.7938 0.0000 84.5147 65.1830
147.6513 152.7830 132.6475 85.4412 84.5147 0.0000 119.1185
124.1642 85.0468 114.0893 104.5092 65.1830 119.1185 0.0000
