7
0.0000 78.3761 29.4013 104.1109 114.1531 62.5263 162.5907
78.3761 0.0000 20.1646 45.2161 124.3903 112.5364 87.8931
29.4013 20.1646 0.0000 31.0083 99.4237 127.1146 9.2196
104.1109 45.2161 31.0083 0.0000 24.0410 89.1029 124.9776
114.1531 124.3903 99.4237 24.0410 0.0000 103.5031 89.2873
62.5263 112.5364 127.1146 89.1029 103.5031 0.0000 81.5592
162.5907 87.8931 9.2196 124.9776 89.2873 81.5592 0.0000
