7
0.0000 136.4532 130.0896 69.9585 85.8058 123.9427 104.2831
136.4532 0.0000 67.1936 102.0503 122.1795 91.4698 102.9770
130.0896 67.1936 0.0000 77.6424 93.8279 104.4339 115.0073
69.9585 102.0503 77.6424 0.0000 94.4477 95.2018 92.5981
85.8058 122.1795 93.8279 94.4477 0.0000 79.4582 114.8617
123.9427 91.4698 104.4339 95.2018 79.4582 0.0000 97.3005
104.2831 102.9770 115.0073 92.5981 114.8617 97.3005 0.0000
