7
0.0000 226.8556 171.9700 206.4410 107.3680 145.3328 50.2623
226.8556 0.0000 12.7270 166.6599 138.5046 104.4313 44.8095
171.9700 12.7270 0.0000 39.5049 285.2689 253.5625 100.1225
206.4410 166.6599 39.5049 0.0000 191.4334 150.4778 142.5777
107.3680 138.5046 285.2689 191.4334 0.0000 61.1274 118.5865
145.3328 104.4313 253.5625 150.4778 61.1274 0.0000 76.1543
50.2623 44.8095 100.1225 142.5777 118.5865 76.1543 0.0000
