7
0.0000 103.2340 109.4632 104.1352 85.6671 78.6991 107.3634
103.2340 0.0000 82.9792 100.2577 97.4168 105.2402 96.8893
109.4632 82.9792 0.0000 101.8847 106.8286 103.2364 98.9645
104.1352 100.2577 101.8847 0.0000 92.8057 71.7596 86.9065
85.6671 97.4168 106.8286 92.8057 0.0000 110.9914 108.4215
78.6991 105.2402 103.2364 71.7596 110.9914 0.0000 108.1261
107.3634 96.8893 98.9645 86.9065 108.4215 108.1261 0.0000
