7
0.0000 142.9247 100.3799 140.9908 167.0398 91.6855 95.4530
142.9247 0.0000 50.9113 20.1605 64.2783 72.2570 112.0288
100.3799 50.9113 0.0000 132.3768 114.7078 18.3830 230.2046
140.9908 20.1605 132.3768 0.0000 88.6209 101.2953 78.4277
167.0398 64.2783 114.7078 88.6209 0.0000 88.8585 125.3582
91.6855 72.2570 18.3830 101.2953 88.8585 0.0000 68.3819
95.4530 112.0288 230.2046 78.4277 125.3582 68.3819 0.0000
