7
0.0000 58.5873 177.6857 314.3433 217.9394 22.8825 14.9678
58.5873 0.0000 220.3469 132.6354 56.9734 143.1595 125.0898
177.6857 220.3469 0.0000 10.8054 103.4946 47.6517 117.7847
314.3433 132.6354 10.8054 0.0000 188.3720 11.5843 73.5076
217.9394 56.9734 103.4946 188.3720 0.0000 32.8014 140.8868
22.8825 143.1595 47.6517 11.5843 32.8014 0.0000 170.9922
14.9678 125.0898 117.7847 73.5076 140.8868 170.9922 0.0000
