7
0.0000 95.9271 62.7245 86.9677 96.4776 67.7705 127.9096
95.9271 0.0000 90.7317 106.3264 126.6182 105.7199 63.5833
62.7245 90.7317 0.0000 89.7422 75.6734 111.2851 76.5005
86.9677 106.3264 89.7422 0.0000 91.0310 113.1368 79.8264
96.4776 126.6182 75.6734 91.0310 0.0000 96.2975 71.4389
67.7705 105.7199 111.2851 113.1368 96.2975 0.0000 86.3317
127.9096 63.5833 76.5005 79.8264 71.4389 86.3317 0.0000
