7
0.0000 104.7512 104.5619 86.3484 96.4280 101.6110 82.4743
104.7512 0.0000 100.2336 78.9432 96.0738 95.1203 99.7186
104.5619 100.2336 0.0000 107.0777 96.4206 106.0450 108.7945
86.3484 78.9432 107.0777 0.0000 110.9756 103.5069 87.8699
96.4280 96.0738 96.4206 110.9756 0.0000 94.3225 103.1237
101.6110 95.1203 106.0450 103.5069 94.3225 0.0000 96.5084
82.4743 99.7186 108.7945 87.8699 103.1237 96.5084 0.0000
