7
0.0000 109.4227 103.1226 88.2832 102.5281 42.1060 25.5668
109.4227 0.0000 55.8663 43.2754 115.0500 92.8273 133.0540
103.1226 55.8663 0.0000 180.5882 173.8601 35.2585 69.7126
88.2832 43.2754 180.5882 0.0000 104.7169 100.8878 122.3661
102.5281 115.0500 173.8601 104.7169 0.0000 141.2824 171.2409
42.1060 92.8273 35.2585 100.8878 141.2824 0.0000 40.5988
25.5668 133.0540 69.7126 122.3661 171.2409 40.5988 0.0000
