7
0.0000 86.6167 82.5299 120.4150 127.4891 59.9731 136.5158
86.6167 0.0000 89.1727 132.8351 223.4597 89.2538 110.7618
82.5299 89.1727 0.0000 82.0916 34.2046 178.6612 116.5945
120.4150 132.8351 82.0916 0.0000 29.0382 76.7349 59.9169
127.4891 223.4597 34.2046 29.0382 0.0000 9.3415 29.5908
59.9731 89.2538 178.6612 76.7349 9.3415 0.0000 27.9154
136.5158 110.7618 116.5945 59.9169 29.5908 27.9154 0.0000
