7
0.0000 120.0748 101.5078 61.4282 140.3537 112.4746 93.7880
120.0748 0.0000 127.8095 91.6918 128.7235 66.1075 96.7590
101.5078 127.8095 0.0000 146.8604 111.3116 103.4320 151.6015
61.4282 91.6918 146.8604 0.0000 77.4033 106.3867 109.4192
140.3537 128.7235 111.3116 77.4033 0.0000 52.7645 51.3696
112.4746 66.1075 103.4320 106.3867 52.7645 0.0000 128.3752
93.7880 96.7590 151.6015 109.4192 51.3696 128.3752 0.0000
