7
0.0000 114.6416 172.9535 24.5262 21.0757 70.3769 72.4826
114.6416 0.0000 220.8810 119.6810 242.0358 180.8888 48.5445
172.9535 220.8810 0.0000 297.9634 121.9081 39.0747 151.3777
24.5262 119.6810 297.9634 0.0000 187.0099 110.5073 122.5606
21.0757 242.0358 121.9081 187.0099 0.0000 73.2433 0.3728
70.3769 180.8888 39.0747 110.5073 73.2433 0.0000 179.0167
72.4826 48.5445 151.3777 122.5606 0.3728 179.0167 0.0000
