7
0.0000 178.6242 47.2129 9.5952 35.6383 92.1860 258.6408
178.6242 0.0000 56.7245 295.8647 85.4508 128.2086 100.6318
47.2129 56.7245 0.0000 282.3158 208.5547 13.9652 79.8488
9.5952 295.8647 282.3158 0.0000 244.3546 105.2966 171.8027
35.6383 85.4508 208.5547 244.3546 0.0000 45.2227 158.5610
92.1860 128.2086 13.9652 105.2966 45.2227 0.0000 128.8177
258.6408 100.6318 79.8488 171.8027 158.5610 128.8177 0.0000
