7
0.0000 82.3585 109.1750 96.6247 66.5413 90.8328 87.8941
82.3585 0.0000 81.3757 106.2114 132.0859 84.9353 108.9771
109.1750 81.3757 0.0000 96.5163 122.0317 64.1631 78.3403
96.6247 106.2114 96.5163 0.0000 134.3900 123.7022 64.8645
66.5413 132.0859 122.0317 134.3900 0.0000 93.2712 55.9194
90.8328 84.9353 64.1631 123.7022 93.2712 0.0000 110.9098
87.8941 108.9771 78.3403 64.8645 55.9194 110.9098 0.0000
