7
0.0000 91.8662 86.3511 76.7787 145.6098 107.8329 112.6665
91.8662 0.0000 84.1936 47.8361 107.9100 38.5391 57.0074
86.3511 84.1936 0.0000 107.1363 139.2682 162.6767 90.4070
76.7787 47.8361 107.1363 0.0000 157.1312 102.3718 96.4826
145.6098 107.9100 139.2682 157.1312 0.0000 84.8813 169.7275
107.8329 38.5391 162.6767 102.3718 84.8813 0.0000 169.0612
112.6665 57.0074 90.4070 96.4826 169.7275 169.0612 0.0000
