7
0.0000 160.3601 22.6875 151.5082 115.7411 221.1575 101.7099
160.3601 0.0000 201.7273 137.7316 108.5585 188.3541 42.1502
22.6875 201.7273 0.0000 139.1737 185.7570 84.8276 70.1817
151.5082 137.7316 139.1737 0.0000 49.8622 178.4314 86.9486
115.7411 108.5585 185.7570 49.8622 0.0000 173.4937 185.8681
221.1575 188.3541 84.8276 178.4314 173.4937 0.0000 217.5679
101.7099 42.1502 70.1817 86.9486 185.8681 217.5679 0.0000
