8
0.0000 98.7380 59.9256 110.2942 19.2417 88.0184 145.2093 141.0043
98.7380 0.0000 20.7729 43.4862 25.2202 124.9914 80.7835 124.7905
59.9256 20.7729 0.0000 109.3985 102.4050 106.6143 194.5903 150.3282
110.2942 43.4862 109.3985 0.0000 161.1234 98.0893 108.5185 93.0362
19.2417 25.2202 102.4050 161.1234 0.0000 57.8297 59.1143 55.8907
88.0184 124.9914 106.6143 98.0893 57.8297 0.0000 50.0792 71.5503
145.2093 80.7835 194.5903 108.5185 59.1143 50.0792 0.0000 202.9829
141.0043 124.7905 150.3282 93.0362 55.8907 71.5503 202.9829 0.0000
