8
0.0000 149.6041 12.5410 68.2592 110.8429 140.9720 12.4486 60.9224
149.6041 0.0000 166.1415 55.2168 133.0361 108.6443 75.6437 139.6963
12.5410 166.1415 0.0000 238.5653 117.5703 171.4708 121.2739 61.3701
68.2592 55.2168 238.5653 0.0000 64.6314 46.2116 117.9142 34.4212
110.8429 133.0361 117.5703 64.6314 0.0000 24.8895 230.7837 200.0185
140.9720 108.6443 171.4708 46.2116 24.8895 0.0000 155.4297 218.3492
12.4486 75.6437 121.2739 117.9142 230.7837 155.4297 0.0000 92.6503
60.9224 139.6963 61.3701 34.4212 200.0185 218.3492 92.6503 0.0000
