8
0.0000 58.5151 132.6371 98.0973 94.4879 126.9341 127.7382 83.6054
58.5151 0.0000 69.0925 43.3464 115.2965 82.5008 76.0235 44.6669
132.6371 69.0925 0.0000 53.7389 37.5412 111.7973 120.8392 89.9083
98.0973 43.3464 53.7389 0.0000 108.9718 154.8400 106.5272 90.4322
94.4879 115.2965 37.5412 108.9718 0.0000 131.4338 150.9488 123.0885
126.9341 82.5008 111.7973 154.8400 131.4338 0.0000 111.5029 147.6368
127.7382 76.0235 120.8392 106.5272 150.9488 111.5029 0.0000 141.8675
83.6054 44.6669 89.9083 90.4322 123.0885 147.6368 141.8675 0.0000
