8
0.0000 121.3024 151.0280 54.0172 83.7484 162.7769 139.6033 4.2343
121.3024 0.0000 121.0318 9.7697 128.8169 138.8685 166.6697 107.9968
151.0280 121.0318 0.0000 90.9575 82.7158 167.3736 96.6896 107.9633
54.0172 9.7697 90.9575 0.0000 135.3401 189.2354 135.1714 73.6444
83.7484 128.8169 82.7158 135.3401 0.0000 95.0767 173.9602 163.5000
162.7769 138.8685 167.3736 189.2354 95.0767 0.0000 74.4354 100.2781
139.6033 166.6697 96.6896 135.1714 173.9602 74.4354 0.0000 17.5606
4.2343 107.9968 107.9633 73.6444 163.5000 100.2781 17.5606 0.0000
