8
0.0000 118.6625 71.3698 114.5341 58.2492 82.8397 158.4547 97.7196
118.6625 0.0000 136.8995 68.8163 17.4351 88.3471 181.1806 150.9107
71.3698 136.8995 0.0000 50.5436 43.2997 92.7135 133.6521 76.0337
114.5341 68.8163 50.5436 0.0000 93.9973 132.0916 89.9502 97.1089
58.2492 17.4351 43.2997 93.9973 0.0000 85.0326 51.3234 140.9524
82.8397 88.3471 92.7135 132.0916 85.0326 0.0000 52.7798 84.1041
158.4547 181.1806 133.6521 89.9502 51.3234 52.7798 0.0000 65.7713
97.7196 150.9107 76.0337 97.1089 140.9524 84.1041 65.7713 0.0000
