8
0.0000 45.0407 64.5199 4.6422 145.4607 217.5098 146.5432 14.7646
45.0407 0.0000 250.9230 92.2307 54.9096 59.9146 129.0867 230.2454
64.5199 250.9230 0.0000 183.3479 20.4557 66.5486 119.1026 155.9140
4.6422 92.2307 183.3479 0.0000 12.6340 140.6780 70.1972 149.6896
145.4607 54.9096 20.4557 12.6340 0.0000 117.1085 169.8565 147.8297
217.5098 59.9146 66.5486 140.6780 117.1085 0.0000 79.0066 192.2463
146.5432 129.0867 119.1026 70.1972 169.8565 79.0066 0.0000 153.7563
14.7646 230.2454 155.9140 149.6896 147.8297 192.2463 153.7563 0.0000
