8
0.0000 138.6217 222.3779 55.7943 223.3142 194.4132 180.6439 239.6714
138.6217 0.0000 161.0197 208.7037 16.9407 123.0705 122.7168 55.5923
222.3779 161.0197 0.0000 88.0060 130.7644 182.8603 165.3061 70.1418
55.7943 208.7037 88.0060 0.0000 117.4284 244.8007 119.5579 107.7761
223.3142 16.9407 130.7644 117.4284 0.0000 180.2263 236.0428 59.7273
194.4132 123.0705 182.8603 244.8007 180.2263 0.0000 59.6326 234.6023
180.6439 122.7168 165.3061 119.5579 236.0428 59.6326 0.0000 46.3177
239.6714 55.5923 70.1418 107.7761 59.7273 234.6023 46.3177 0.0000
