8
0.0000 109.7491 104.3271 96.1530 131.8327 97.8357 95.6556 115.1680
109.7491 0.0000 90.5154 104.2674 98.3250 59.5665 108.6265 108.2057
104.3271 90.5154 0.0000 80.4539 98.3411 111.6421 129.8469 112.7996
96.1530 104.2674 80.4539 0.0000 80.1093 95.4812 115.9506 112.1649
131.8327 98.3250 98.3411 80.1093 0.0000 87.6563 89.8162 102.0353
97.8357 59.5665 111.6421 95.4812 87.6563 0.0000 76.0585 96.7708
95.6556 108.6265 129.8469 115.9506 89.8162 76.0585 0.0000 97.5153
115.1680 108.2057 112.7996 112.1649 102.0353 96.7708 97.5153 0.0000
