8
0.0000 120.4349 77.6499 109.4153 123.1267 102.5684 85.2588 110.2806
120.4349 0.0000 81.5445 124.1669 113.1257 103.3738 117.6430 101.4910
77.6499 81.5445 0.0000 90.8202 88.8489 118.8291 123.9048 80.1793
109.4153 124.1669 90.8202 0.0000 103.4892 126.0697 137.4029 76.7657
123.1267 113.1257 88.8489 103.4892 0.0000 111.7341 141.6639 80.1635
102.5684 103.3738 118.8291 126.0697 111.7341 0.0000 114.4386 111.2870
85.2588 117.6430 123.9048 137.4029 141.6639 114.4386 0.0000 98.1928
110.2806 101.4910 80.1793 76.7657 80.1635 111.2870 98.1928 0.0000
