8
0.0000 172.8996 37.6868 240.3486 153.2795 265.1807 63.3098 32.6165
172.8996 0.0000 77.0421 19.6038 160.5161 161.0000 164.9443 73.0029
37.6868 77.0421 0.0000 83.9818 190.8537 145.0951 157.7910 144.8967
240.3486 19.6038 83.9818 0.0000 169.1088 203.5924 84.6744 220.0647
153.2795 160.5161 190.8537 169.1088 0.0000 212.2572 165.7362 117.8249
265.1807 161.0000 145.0951 203.5924 212.2572 0.0000 184.3737 66.2815
63.3098 164.9443 157.7910 84.6744 165.7362 184.3737 0.0000 202.7446
32.6165 73.0029 144.8967 220.0647 117.8249 66.2815 202.7446 0.0000
