8
0.0000 126.8621 23.5365 31.8959 254.7458 124.8705 49.3869 22.9329
126.8621 0.0000 218.6993 39.4853 48.5745 95.9446 57.8846 59.4937
23.5365 218.6993 0.0000 282.0693 77.1182 118.4271 180.2321 71.7270
31.8959 39.4853 282.0693 0.0000 0.2701 186.1991 25.1456 145.1123
254.7458 48.5745 77.1182 0.2701 0.0000 121.8696 138.1085 154.2057
124.8705 95.9446 118.4271 186.1991 121.8696 0.0000 195.9596 140.2224
49.3869 57.8846 180.2321 25.1456 138.1085 195.9596 0.0000 94.5541
22.9329 59.4937 71.7270 145.1123 154.2057 140.2224 94.5541 0.0000
