8
0.0000 69.7807 93.5090 30.4100 197.5382 119.3317 250.8088 128.1281
69.7807 0.0000 66.9025 79.6843 147.7087 93.7321 200.7604 90.2038
93.5090 66.9025 0.0000 166.7906 173.9074 193.5263 51.3735 124.9997
30.4100 79.6843 166.7906 0.0000 203.7254 192.4528 126.9267 59.9271
197.5382 147.7087 173.9074 203.7254 0.0000 251.4909 183.2916 11.3810
119.3317 93.7321 193.5263 192.4528 251.4909 0.0000 179.7200 11.4319
250.8088 200.7604 51.3735 126.9267 183.2916 179.7200 0.0000 168.0813
128.1281 90.2038 124.9997 59.9271 11.3810 11.4319 168.0813 0.0000
