8
0.0000 92.7783 80.5219 121.8988 129.9356 13.1866 122.1744 153.7857
92.7783 0.0000 46.0403 81.0324 130.4611 3.1538 90.6773 97.0916
80.5219 46.0403 0.0000 50.5125 79.8033 86.5541 176.1997 49.4788
121.8988 81.0324 50.5125 0.0000 98.9041 108.5413 112.7893 112.3690
129.9356 130.4611 79.8033 98.9041 0.0000 54.4869 107.3600 75.0720
13.1866 3.1538 86.5541 108.5413 54.4869 0.0000 105.7959 161.9495
122.1744 90.6773 176.1997 112.7893 107.3600 105.7959 0.0000 164.6379
153.7857 97.0916 49.4788 112.3690 75.0720 161.9495 164.6379 0.0000
