8
0.0000 116.7153 109.3724 64.2377 128.0401 91.2937 139.6958 100.6322
116.7153 0.0000 65.6315 119.9848 114.3860 119.8312 122.6799 131.2483
109.3724 65.6315 0.0000 81.2033 61.5143 85.1840 31.3100 130.9370
64.2377 119.9848 81.2033 0.0000 72.2103 86.8346 116.6924 117.6085
128.0401 114.3860 61.5143 72.2103 0.0000 88.8309 72.6269 166.6140
91.2937 119.8312 85.1840 86.8346 88.8309 0.0000 117.9292 115.0470
139.6958 122.6799 31.3100 116.6924 72.6269 117.9292 0.0000 142.6208
100.6322 131.2483 130.9370 117.6085 166.6140 115.0470 142.6208 0.0000
