8
0.0000 51.9155 0.7388 202.7401 30.1537 175.4245 349.3446 110.1496
51.9155 0.0000 89.1165 234.4457 209.1818 170.2144 157.8373 218.1613
0.7388 89.1165 0.0000 165.1127 151.1805 15.0456 185.4194 82.5122
202.7401 234.4457 165.1127 0.0000 292.2346 33.9757 1.4307 172.4955
30.1537 209.1818 151.1805 292.2346 0.0000 81.3775 241.4937 133.2853
175.4245 170.2144 15.0456 33.9757 81.3775 0.0000 313.6457 18.4398
349.3446 157.8373 185.4194 1.4307 241.4937 313.6457 0.0000 40.1614
110.1496 218.1613 82.5122 172.4955 133.2853 18.4398 40.1614 0.0000
