8
0.0000 266.3276 189.2044 46.5025 38.5606 244.0201 171.1765 232.6420
266.3276 0.0000 243.3760 200.6107 72.6205 186.4491 215.5865 194.3435
189.2044 243.3760 0.0000 22.0105 117.7827 57.3829 198.0338 87.4588
46.5025 200.6107 22.0105 0.0000 28.1479 207.7376 103.5667 47.9254
38.5606 72.6205 117.7827 28.1479 0.0000 232.2616 310.0553 164.8749
244.0201 186.4491 57.3829 207.7376 232.2616 0.0000 167.9830 193.7658
171.1765 215.5865 198.0338 103.5667 310.0553 167.9830 0.0000 60.6585
232.6420 194.3435 87.4588 47.9254 164.8749 193.7658 60.6585 0.0000
