8
0.0000 76.9061 77.4284 116.2546 117.7847 85.4749 67.6434 75.6732
76.9061 0.0000 91.9753 41.8864 95.0523 123.9566 107.3858 44.6493
77.4284 91.9753 0.0000 15.3929 93.7234 192.2008 101.4859 116.1047
116.2546 41.8864 15.3929 0.0000 129.3579 166.8754 166.4654 95.1838
117.7847 95.0523 93.7234 129.3579 0.0000 116.6657 95.8845 143.5175
85.4749 123.9566 192.2008 166.8754 116.6657 0.0000 162.7419 84.9619
67.6434 107.3858 101.4859 166.4654 95.8845 162.7419 0.0000 98.5806
75.6732 44.6493 116.1047 95.1838 143.5175 84.9619 98.5806 0.0000
