8
0.0000 69.4053 84.4263 23.9940 64.1555 137.8241 152.1019 41.0288
69.4053 0.0000 91.2921 107.8750 150.7003 82.4553 111.0576 113.8058
84.4263 91.2921 0.0000 88.8929 58.5465 103.8983 69.5466 135.7919
23.9940 107.8750 88.8929 0.0000 9.8506 170.5911 145.1437 110.4523
64.1555 150.7003 58.5465 9.8506 0.0000 83.6716 115.3279 52.1997
137.8241 82.4553 103.8983 170.5911 83.6716 0.0000 58.1942 44.2039
152.1019 111.0576 69.5466 145.1437 115.3279 58.1942 0.0000 13.0352
41.0288 113.8058 135.7919 110.4523 52.1997 44.2039 13.0352 0.0000
