8
0.0000 47.8719 143.4048 160.3890 47.2851 141.5588 143.6223 169.3980
47.8719 0.0000 86.4981 108.9597 104.9647 131.1539 113.5983 152.1916
143.4048 86.4981 0.0000 120.4824 34.3625 133.2555 58.6763 149.8192
160.3890 108.9597 120.4824 0.0000 46.4794 125.3335 131.3776 24.0678
47.2851 104.9647 34.3625 46.4794 0.0000 160.4393 218.9373 145.0138
141.5588 131.1539 133.2555 125.3335 160.4393 0.0000 41.8090 152.3435
143.6223 113.5983 58.6763 131.3776 218.9373 41.8090 0.0000 126.9842
169.3980 152.1916 149.8192 24.0678 145.0138 152.3435 126.9842 0.0000
