8
0.0000 114.9582 115.8368 116.5403 54.7776 75.9797 80.3677 98.0408
114.9582 0.0000 136.7069 110.9480 93.8671 134.5940 105.5948 100.7910
115.8368 136.7069 0.0000 122.6133 121.1856 114.4049 117.9569 79.9497
116.5403 110.9480 122.6133 0.0000 127.2006 74.5775 73.0669 94.7197
54.7776 93.8671 121.1856 127.2006 0.0000 128.0627 97.1767 73.3049
75.9797 134.5940 114.4049 74.5775 128.0627 0.0000 116.8051 95.6164
80.3677 105.5948 117.9569 73.0669 97.1767 116.8051 0.0000 104.7154
98.0408 100.7910 79.9497 94.7197 73.3049 95.6164 104.7154 0.0000
