8
0.0000 123.8884 132.1018 83.1522 60.7475 105.7406 101.2435 75.4625
123.8884 0.0000 86.9646 94.9056 152.3136 117.4991 91.1325 39.0257
132.1018 86.9646 0.0000 159.5789 130.2631 134.9517 49.3827 135.7804
83.1522 94.9056 159.5789 0.0000 101.6420 104.3510 130.6134 119.8707
60.7475 152.3136 130.2631 101.6420 0.0000 109.4809 106.4591 80.1608
105.7406 117.4991 134.9517 104.3510 109.4809 0.0000 88.5513 80.6372
101.2435 91.1325 49.3827 130.6134 106.4591 88.5513 0.0000 105.5919
75.4625 39.0257 135.7804 119.8707 80.1608 80.6372 105.5919 0.0000
