8
0.0000 86.3342 91.1796 121.3147 107.0686 40.1642 84.8446 112.1919
86.3342 0.0000 90.3905 80.7019 122.1406 97.5804 75.4784 98.2331
91.1796 90.3905 0.0000 117.2277 98.9523 101.4935 94.7535 115.6473
121.3147 80.7019 117.2277 0.0000 128.6482 99.6715 71.7570 104.8550
107.0686 122.1406 98.9523 128.6482 0.0000 96.1868 123.6012 133.9827
40.1642 97.5804 101.4935 99.6715 96.1868 0.0000 89.0910 114.1059
84.8446 75.4784 94.7535 71.7570 123.6012 89.0910 0.0000 98.5958
112.1919 98.2331 115.6473 104.8550 133.9827 114.1059 98.5958 0.0000
