8
0.0000 106.7926 100.4658 90.6085 75.3483 126.5180 110.7468 106.3693
106.7926 0.0000 36.1599 148.3610 52.2791 49.9965 40.8410 127.6798
100.4658 36.1599 0.0000 2.2480 66.2264 124.9338 144.3761 177.5076
90.6085 148.3610 2.2480 0.0000 117.6723 68.0072 143.9058 20.9785
75.3483 52.2791 66.2264 117.6723 0.0000 131.5031 115.7691 108.4933
126.5180 49.9965 124.9338 68.0072 131.5031 0.0000 87.2614 113.0426
110.7468 40.8410 144.3761 143.9058 115.7691 87.2614 0.0000 91.4055
106.3693 127.6798 177.5076 20.9785 108.4933 113.0426 91.4055 0.0000
