9
0.0000 175.4763 130.3998 224.2441 62.8157 60.7228 187.3177 103.5136 168.5894
175.4763 0.0000 77.5964 30.2814 56.4119 1.4458 113.6451 122.6012 5.1011
130.3998 77.5964 0.0000 217.1914 153.8732 118.7357 98.6706 25.0560 246.4274
224.2441 30.2814 217.1914 0.0000 35.5409 113.4965 64.2202 150.5511 288.9502
62.8157 56.4119 153.8732 35.5409 0.0000 18.9581 13.4460 138.9462 112.3038
60.7228 1.4458 118.7357 113.4965 18.9581 0.0000 63.4452 106.8163 24.0886
187.3177 113.6451 98.6706 64.2202 13.4460 63.4452 0.0000 76.0101 152.1313
103.5136 122.6012 25.0560 150.5511 138.9462 106.8163 76.0101 0.0000 245.4532
168.5894 5.1011 246.4274 288.9502 112.3038 24.0886 152.1313 245.4532 0.0000
