9
0.0000 95.3223 118.6933 129.8955 123.5292 97.7307 105.8601 110.8334 100.6366
95.3223 0.0000 106.4818 105.1877 120.9975 103.3900 106.4160 107.4221 100.9790
118.6933 106.4818 0.0000 115.2867 90.6986 97.3559 95.5660 97.5173 72.5250
129.8955 105.1877 115.2867 0.0000 115.5632 91.9495 89.0577 84.7284 71.3126
123.5292 120.9975 90.6986 115.5632 0.0000 94.8776 101.1480 118.4236 84.2321
97.7307 103.3900 97.3559 91.9495 94.8776 0.0000 122.1499 85.1036 107.9343
105.8601 106.4160 95.5660 89.0577 101.1480 122.1499 0.0000 65.2461 127.2174
110.8334 107.4221 97.5173 84.7284 118.4236 85.1036 65.2461 0.0000 90.1570
100.6366 100.9790 72.5250 71.3126 84.2321 107.9343 127.2174 90.1570 0.0000
