9
0.0000 60.0380 83.1716 102.9407 97.8251 100.5129 81.0301 105.8114 154.8303
60.0380 0.0000 131.6600 103.9767 111.3286 113.4756 123.5013 109.3604 117.3960
83.1716 131.6600 0.0000 109.8614 49.6656 101.7197 117.5235 111.2233 101.6244
102.9407 103.9767 109.8614 0.0000 90.7391 90.6319 96.6795 87.6483 123.5411
97.8251 111.3286 49.6656 90.7391 0.0000 115.4016 103.3074 59.6708 109.1342
100.5129 113.4756 101.7197 90.6319 115.4016 0.0000 104.3600 100.9960 98.8905
81.0301 123.5013 117.5235 96.6795 103.3074 104.3600 0.0000 95.8384 125.2382
105.8114 109.3604 111.2233 87.6483 59.6708 100.9960 95.8384 0.0000 108.6687
154.8303 117.3960 101.6244 123.5411 109.1342 98.8905 125.2382 108.6687 0.0000
