9
0.0000 208.0706 12.6468 43.3225 109.3438 273.2875 266.4620 5.2548 62.9896
208.0706 0.0000 77.6062 144.5049 3.3639 65.4459 179.1684 221.0189 20.8148
12.6468 77.6062 0.0000 253.1050 90.5751 245.0315 51.7689 225.7369 74.1232
43.3225 144.5049 253.1050 0.0000 115.7377 152.7565 91.2645 202.2798 119.7880
109.3438 3.3639 90.5751 115.7377 0.0000 215.1932 116.5693 393.9384 210.3607
273.2875 65.4459 245.0315 152.7565 215.1932 0.0000 145.6106 6.9352 214.1486
266.4620 179.1684 51.7689 91.2645 116.5693 145.6106 0.0000 31.9690 48.5569
5.2548 221.0189 225.7369 202.2798 393.9384 6.9352 31.9690 0.0000 21.2405
62.9896 20.8148 74.1232 119.7880 210.3607 214.1486 48.5569 21.2405 0.0000
