9
0.0000 127.9863 80.0554 82.7229 89.9861 116.7233 58.6601 90.9714 82.8812
127.9863 0.0000 141.0904 88.4702 102.7345 99.9202 114.4998 98.0490 84.8182
80.0554 141.0904 0.0000 133.4470 120.3362 53.5650 87.5124 64.2553 142.2452
82.7229 88.4702 133.4470 0.0000 85.8245 127.0478 133.9359 95.4626 93.2372
89.9861 102.7345 120.3362 85.8245 0.0000 96.2147 90.0484 71.4766 65.7042
116.7233 99.9202 53.5650 127.0478 96.2147 0.0000 79.8956 134.6367 93.3118
58.6601 114.4998 87.5124 133.9359 90.0484 79.8956 0.0000 107.9998 97.7628
90.9714 98.0490 64.2553 95.4626 71.4766 134.6367 107.9998 0.0000 100.3907
82.8812 84.8182 142.2452 93.2372 65.7042 93.3118 97.7628 100.3907 0.0000
