9
0.0000 81.1397 107.3552 82.1034 117.5837 8.2608 71.2770 157.5539 72.1526
81.1397 0.0000 67.8647 146.9067 74.9874 138.0626 153.9961 78.9137 101.0034
107.3552 67.8647 0.0000 106.8894 99.3828 102.6115 73.5964 35.1203 95.2550
82.1034 146.9067 106.8894 0.0000 125.2259 102.2299 86.4716 72.7446 89.5014
117.5837 74.9874 99.3828 125.2259 0.0000 107.5212 69.4955 127.8907 123.4085
8.2608 138.0626 102.6115 102.2299 107.5212 0.0000 70.8665 130.4026 37.4056
71.2770 153.9961 73.5964 86.4716 69.4955 70.8665 0.0000 117.9343 122.8093
157.5539 78.9137 35.1203 72.7446 127.8907 130.4026 117.9343 0.0000 148.4291
72.1526 101.0034 95.2550 89.5014 123.4085 37.4056 122.8093 148.4291 0.0000
