9
0.0000 27.6740 169.1292 19.9558 61.1971 157.8959 6.9410 49.7989 163.3311
27.6740 0.0000 80.3134 83.9819 108.5044 108.0186 104.2350 140.5408 141.0321
169.1292 80.3134 0.0000 58.8560 137.6882 156.4747 91.3956 73.1446 9.0683
19.9558 83.9819 58.8560 0.0000 153.0119 81.4420 112.0523 91.7174 126.6929
61.1971 108.5044 137.6882 153.0119 0.0000 33.1966 78.2450 117.1820 115.0824
157.8959 108.0186 156.4747 81.4420 33.1966 0.0000 11.7656 138.0043 89.5732
6.9410 104.2350 91.3956 112.0523 78.2450 11.7656 0.0000 169.1303 98.5735
49.7989 140.5408 73.1446 91.7174 117.1820 138.0043 169.1303 0.0000 82.4785
163.3311 141.0321 9.0683 126.6929 115.0824 89.5732 98.5735 82.4785 0.0000
