9
0.0000 10.0704 212.9270 169.3739 197.3040 146.4233 67.5493 53.2865 127.9599
10.0704 0.0000 132.3615 189.6651 6.0329 35.4308 41.6337 204.6680 256.5659
212.9270 132.3615 0.0000 138.6645 180.4956 128.5997 265.8505 102.2537 190.4819
169.3739 189.6651 138.6645 0.0000 287.0493 126.2587 26.0545 173.4714 165.1525
197.3040 6.0329 180.4956 287.0493 0.0000 229.8281 55.3432 86.2352 100.4559
146.4233 35.4308 128.5997 126.2587 229.8281 0.0000 54.9995 40.0744 93.0455
67.5493 41.6337 265.8505 26.0545 55.3432 54.9995 0.0000 156.8442 151.3775
53.2865 204.6680 102.2537 173.4714 86.2352 40.0744 156.8442 0.0000 117.3794
127.9599 256.5659 190.4819 165.1525 100.4559 93.0455 151.3775 117.3794 0.0000
