9
0.0000 129.4689 191.1653 99.2357 32.4064 172.0498 121.2664 168.4060 108.7973
129.4689 0.0000 144.0602 179.1461 69.9901 92.4445 147.2735 120.2382 149.1395
191.1653 144.0602 0.0000 114.2901 197.1210 110.4900 59.4993 107.3673 205.1693
99.2357 179.1461 114.2901 0.0000 30.1823 80.2859 109.1061 133.7298 136.5859
32.4064 69.9901 197.1210 30.1823 0.0000 175.1315 106.9678 70.8542 55.1852
172.0498 92.4445 110.4900 80.2859 175.1315 0.0000 139.3344 127.0729 109.4988
121.2664 147.2735 59.4993 109.1061 106.9678 139.3344 0.0000 24.5828 73.3615
168.4060 120.2382 107.3673 133.7298 70.8542 127.0729 24.5828 0.0000 94.4420
108.7973 149.1395 205.1693 136.5859 55.1852 109.4988 73.3615 94.4420 0.0000
